4 200000 60
8 200000 98
16 200000 85
20 200000 117
28 200000 39
24 200000 144
32 200000 58
12 200000 282
36 200000 77
40 200000 21
44 200000 40
48 200000 57
52 200000 27
56 200000 48
60 200000 66
64 200000 21
68 200000 40
72 200000 57
76 200000 67
80 200000 89
88 200000 20
84 200000 125
92 200000 44
96 200000 62
100 200000 21
104 200000 39
108 200000 57
112 200000 29
116 200000 50
120 200000 69
124 200000 22
128 200000 39
132 200000 58
136 200000 26
140 200000 48
144 200000 65
148 200000 24
152 200000 45
156 200000 63
160 200000 25
164 200000 46
168 200000 63
172 200000 25
176 200000 45
180 200000 62
184 200000 24
188 200000 44
192 200000 63
196 200000 26
200 200000 47
204 200000 65
208 200000 25
212 200000 45
216 200000 61
220 200000 24
224 200000 42
228 200000 60
232 200000 26
236 200000 46
240 200000 64
244 200000 23
248 200000 41
252 200000 59
256 200000 27
260 200000 50
264 200000 68
268 200000 21
272 200000 40
276 200000 57
280 200000 28
284 200000 49
288 200000 66
292 200000 62
296 200000 83
304 200000 35
300 200000 139
308 200000 57
312 200000 75
316 200000 19
320 200000 37
324 200000 55
328 200000 30
332 200000 53
336 200000 72
340 200000 48
344 200000 66
348 200000 83
352 200000 25
356 200000 37
360 200000 56
364 200000 31
368 200000 57
372 200000 76
376 200000 21
380 200000 39
384 200000 58
388 200000 32
392 200000 52
396 200000 70
400 200000 20
404 200000 37
408 200000 55
412 200000 27
416 200000 47
420 200000 65
424 200000 22
428 200000 40
432 200000 62
436 200000 30
440 200000 82
448 200000 59
452 200000 114
460 200000 70
464 200000 126
472 200000 84
476 200000 139
484 200000 94
488 200000 156
496 200000 107
500 200000 166
508 200000 119
520 200000 73
524 200000 137
532 200000 91
536 200000 150
544 200000 113
556 200000 69
560 200000 141
568 200000 94
572 200000 154
580 200000 105
592 200000 63
596 200000 144
604 200000 96
608 200000 155
616 200000 109
628 200000 64
632 200000 143
640 200000 96
644 200000 154
652 200000 106
656 200000 165
664 200000 118
676 200000 74
680 200000 139
688 200000 91
692 200000 151
700 200000 103
712 200000 59
716 200000 147
724 200000 100
728 200000 160
736 200000 111
748 200000 67
752 200000 137
760 200000 91
764 200000 148
772 200000 104
784 200000 61
788 200000 148
796 200000 101
808 200000 57
812 200000 150
820 200000 101
824 200000 161
832 200000 113
844 200000 68
848 200000 138
856 200000 92
860 200000 154
868 200000 103
880 200000 60
884 200000 150
892 200000 100
904 200000 99
908 200000 157
916 200000 111
928 200000 66
932 200000 148
940 200000 99
944 200000 160
952 200000 110
964 200000 66
968 200000 139
976 200000 93
980 200000 154
988 200000 106
1000 200000 60
1004 200000 148
1012 200000 98
1016 200000 160
1024 200000 108
1036 200000 64
1040 200000 154
1048 200000 88
1052 200000 123
1060 200000 53
1056 200000 191
1064 200000 123
1072 200000 58
1076 200000 90
1084 200000 37
1080 200000 161
1088 200000 97
1096 200000 39
1092 200000 160
1100 200000 95
1108 200000 38
1104 200000 161
1112 200000 100
1120 200000 37
1116 200000 159
1124 200000 86
1132 200000 36
1128 200000 158
1136 200000 86
1144 200000 38
1148 200000 68
1156 200000 48
1160 200000 96
1168 200000 46
1164 200000 173
1172 200000 106
1180 200000 44
1184 200000 83
1192 200000 45
1196 200000 75
1204 200000 38
1200 200000 171
1208 200000 111
1216 200000 43
1220 200000 75
1228 200000 42
1224 200000 177
1232 200000 109
1240 200000 45
1236 200000 186
1244 200000 111
1252 200000 46
1248 200000 192
1256 200000 101
1264 200000 47
1268 200000 79
1276 200000 48
1280 200000 86
1288 200000 49
1292 200000 85
1300 200000 43
1296 200000 175
1304 200000 111
1312 200000 51
1308 200000 185
1316 200000 93
1324 200000 58
1328 200000 95
1336 200000 51
1332 200000 194
1340 200000 126
1348 200000 56
1352 200000 129
1360 200000 57
1372 200000 42
1364 200000 160
1376 200000 122
1384 200000 49
1380 200000 197
1396 200000 43
1388 200000 159
1400 200000 124
1408 200000 46
1412 200000 100
1420 200000 38
1424 200000 77
1432 200000 45
1436 200000 88
1444 200000 45
1440 200000 181
1448 200000 91
1456 200000 45
1460 200000 88
1468 200000 47
1472 200000 89
1480 200000 47
1484 200000 90
1492 200000 48
1496 200000 98
1504 200000 49
1508 200000 134
1516 200000 61
1520 200000 139
1528 200000 68
1532 200000 124
1540 200000 58
1544 200000 85
1552 200000 42
1556 200000 89
1564 200000 50
1568 200000 106
1576 200000 53
1580 200000 113
1588 200000 54
1600 200000 53
1592 200000 165
1604 200000 155
1612 200000 100
1616 200000 128
1624 200000 37
1628 200000 102
1636 200000 56
1648 200000 56
1660 200000 122
1672 200000 122
1684 200000 92
1696 200000 78
1688 192696 201
1708 200000 57
1712 200000 142
1720 200000 96
1732 200000 106
1744 200000 112
1756 200000 69
1760 200000 133
1768 200000 88
1772 200000 143
1780 200000 97
1784 200000 153
1792 200000 107
1804 200000 108
1816 200000 64
1820 200000 127
1828 200000 79
1832 200000 141
1840 200000 93
1844 200000 146
1852 200000 100
1856 200000 154
1864 200000 108
1876 200000 65
1880 200000 151
1888 200000 105
1892 200000 163
1900 200000 114
1912 200000 103
1924 200000 59
1928 200000 151
1936 200000 106
1948 200000 61
1952 200000 144
1960 200000 99
1964 200000 154
1972 200000 109
1976 200000 163
1984 200000 116
1996 200000 74
2000 200000 149
2008 200000 97
2012 200000 162
2020 200000 111
2032 200000 66
2036 200000 155
2044 200000 107
2056 200000 69
2060 200000 155
2068 200000 112
2072 200000 167
2080 200000 116
2092 200000 76
2096 200000 152
2104 200000 111
2108 200000 166
2116 200000 121
2120 200000 176
2128 200000 131
2140 200000 90
2144 200000 149
2152 200000 101
2156 200000 162
2164 200000 118
2176 200000 79
2180 200000 142
2188 200000 97
2200 200000 68
2204 200000 147
2212 200000 104
2224 200000 62
2228 200000 156
2236 200000 111
2240 200000 169
2248 200000 127
2260 200000 85
2264 200000 147
2272 200000 105
2276 200000 158
2284 200000 111
2296 200000 71
2300 200000 140
2308 200000 96
2312 200000 156
2320 200000 105
2324 200000 157
2332 200000 121
2336 200000 175
2344 200000 118
2356 200000 87
2360 200000 155
2368 200000 114
2372 200000 175
2380 200000 142
2392 200000 111
2396 200000 172
512 22846 15935
548 50099 15679
584 83350 15410
620 66773 15143
668 23137 14791
704 104615 14522
740 48876 14272
776 113399 13991
800 121431 13819
836 47056 13561
872 108917 13292
896 157655 13101
920 86475 12946
956 58852 12674
992 102011 12404
1028 57123 12144
1640 200000 7018
1652 196736 6975
1664 54128 6903
1676 0 6902
1700 117469 6717
1724 200000 6517
1736 193902 6419
1748 41449 6352
1796 173060 5976
1808 22218 5909
1868 119978 5444
1904 133633 5159
1916 143241 5065
1940 97475 4888
1988 55762 4532
2024 108874 4248
2048 121782 4060
2084 70486 3809
2132 0 3465
2168 27053 3200
2192 80361 3041
2216 116130 2857
2252 15468 2588
2288 51354 2326
2348 0 1887
2384 0 1619
444 76856 17880
456 58 17818
468 892 17775
480 0 17711
492 0 17676
504 0 17627
516 0 17576
528 0 17527
540 0 17476
552 0 17433
564 0 17365
576 0 17315
588 0 17266
600 0 17206
612 0 17156
624 0 17096
636 0 17041
648 0 17000
660 0 16950
672 0 16898
684 0 16846
696 0 16796
708 0 16744
720 0 16692
732 0 16642
744 0 16601
756 0 16529
768 0 16481
780 0 16441
792 0 16370
804 0 16321
816 0 16269
828 0 16226
840 0 16174
852 0 16123
864 0 16071
876 0 16021
888 0 15967
900 0 15913
912 0 15859
924 0 15813
936 0 15743
948 0 15673
960 0 15624
972 0 15552
984 0 15511
996 0 15439
1008 0 15384
1020 0 15336
1032 0 15262
1044 2582 15210
1068 17365 15029
1140 189104 14445
1152 0 14386
1176 126683 14198
1188 145958 14107
1212 168428 13913
1260 47767 13525
1272 115626 13474
1284 90370 13420
1320 90407 13113
1344 167123 12946
1356 191793 12839
1368 0 12782
1392 0 12636
1404 55347 12598
1416 41759 12512
1428 70355 12456
1452 72142 12277
1464 52634 12224
1476 10328 12185
1488 82661 12120
1500 113994 12050
1512 159177 11960
1524 0 11912
1536 60677 11856
1548 63259 11799
1560 72044 11741
1572 96592 11669
1584 101773 11584
1596 0 11520
1608 0 11515
1620 77301 11432
1632 120245 11329
1644 0 11274
1656 0 11267
1668 0 11195
1680 0 11199
1692 0 11158
1704 0 11111
1716 0 11067
1728 0 11022
1740 0 10979
1752 0 10934
1764 0 10891
1776 0 10847
1788 0 10801
1800 0 10757
1812 0 10713
1824 2582 10670
1836 0 10627
1848 0 10580
1860 0 10535
1872 0 10492
1884 0 10450
1896 0 10405
1908 0 10361
1920 0 10318
1932 0 10274
1944 0 10229
1956 0 10188
1968 0 10143
1980 0 10099
1992 0 10053
2004 0 10010
2016 0 9965
2028 0 9921
2040 0 9879
2052 0 9831
2064 0 9796
2076 0 9753
2088 0 9701
2100 0 9662
2112 0 9621
2124 0 9575
2136 0 9529
2148 0 9487
2160 0 9442
2172 0 9397
2184 0 9355
2196 0 9309
2208 0 9271
2220 0 9223
2232 0 9185
2244 0 9136
2256 0 9092
2268 0 9049
2280 0 9004
2292 0 8959
2304 0 8916
2316 0 8875
2328 0 8829
2340 0 8782
2352 0 8727
2364 0 8684
2376 0 8636
2388 0 8591
2400 83785 8537
