4 15011 631
112 200000 128
116 200000 147
124 99248 209
128 0 258
132 0 268
136 200000 192
140 81333 218
148 180733 202
152 0 223
156 0 244
160 73579 211
164 0 233
168 0 254
8 0 1631
12 0 1653
16 0 1576
32 0 1832
36 0 1851
40 0 1776
44 0 1797
48 0 1816
20 0 2608
28 0 2524
52 0 2328
56 0 2346
60 0 2366
64 0 2290
68 0 2309
72 0 2314
76 0 2225
24 0 2961
80 0 2465
228 0 274
244 200000 196
248 42603 217
252 0 236
84 0 2742
88 87810 2649
92 79296 2869
96 75873 2872
100 0 2781
104 0 2789
108 0 2802
120 29082 2703
144 0 2522
172 0 2031
176 0 2042
180 0 2063
304 0 240
308 0 265
312 0 274
184 0 1763
188 0 1784
192 0 2038
204 0 1513
208 0 1532
212 0 1554
196 0 1774
200 0 1778
216 0 1796
220 2587 1576
400 200000 164
404 195963 259
424 200000 178
428 177491 272
628 89072 212
224 0 3905
232 0 4096
236 0 4532
240 0 4832
256 55573 4764
260 0 4976
264 0 5187
268 0 5393
272 0 5655
276 0 5891
280 0 5824
284 0 6026
288 0 6300
292 0 6552
296 0 6763
300 0 6990
316 0 6878
320 0 7110
324 0 7460
328 0 7690
332 0 7883
336 0 8459
340 0 8496
344 0 8775
348 0 9033
352 0 9456
356 0 9865
360 0 10461
364 0 10855
368 0 11351
372 0 12164
376 0 12694
380 0 13484
2188 87553 274
384 0 15896
388 9031 16983
392 7746 17086
396 6455 17194
408 0 17224
412 6236 17230
416 2582 17336
420 2582 17439
432 19365 17450
436 40711 17429
440 33085 17523
444 25820 17616
448 154913 17558
452 21947 17622
456 3873 17740
460 147115 17662
464 0 17793
468 0 17921
472 0 17952
476 0 18078
480 0 18206
484 76109 18176
488 69642 18258
492 64760 18342
496 21974 18374
500 16858 18488
504 15642 18601
508 88655 18564
512 65810 18645
516 56899 18732
520 12903 18749
524 12902 18864
528 10675 18983
532 85062 18949
536 83950 19011
540 80162 19081
544 3866 19103
548 2576 19222
552 1285 19343
556 88174 19305
560 78732 19375
564 71063 19452
568 11601 19475
572 10372 19587
576 9043 19702
580 87776 19666
584 83969 19728
588 78988 19796
592 7734 19808
596 6437 19923
600 5228 20035
604 87843 20009
608 82891 20073
612 81314 20140
616 10300 20143
620 10314 20255
624 10465 20365
632 14307 20381
636 12904 20489
640 19452 20468
644 18031 20570
648 17185 20676
652 12961 20715
656 12903 20823
660 11646 20934
664 25884 20897
668 25496 20999
672 25799 21096
676 16775 21133
680 16916 21240
684 14349 21344
688 32261 21322
692 30977 21414
696 29976 21511
700 34850 21501
704 32568 21573
708 32268 21639
712 28706 21611
716 22199 21709
720 19513 21813
724 0 21847
728 0 21957
732 0 22069
736 0 22048
740 0 22161
744 0 22276
748 0 22317
752 0 22424
756 0 22539
760 0 22538
764 0 22644
768 0 22755
772 0 22770
776 0 22876
780 0 22987
784 0 22993
788 0 23103
792 0 23206
796 0 23216
800 0 23323
804 0 23429
808 0 23442
812 0 23545
816 0 23653
820 0 23651
824 0 23757
828 0 23859
832 0 23879
836 0 23978
840 0 24097
844 0 24090
848 0 24210
852 0 24313
856 0 24319
860 0 24428
864 0 24528
868 0 24534
872 0 24640
876 0 24739
880 0 24746
884 0 24850
888 0 24957
892 0 24933
896 0 25035
900 0 25135
904 0 25165
908 0 25262
912 0 25371
916 0 25337
920 0 25439
924 0 25545
928 0 25588
932 0 25691
936 0 25798
940 0 25799
944 0 25895
948 0 25999
952 0 26002
956 0 26103
960 0 26209
964 0 26211
968 0 26311
972 0 26402
976 0 26405
980 0 26502
984 0 26594
988 0 26603
992 0 26705
996 0 26803
1000 0 26803
1004 0 26903
1008 0 27002
1012 0 27007
1016 0 27106
1020 0 27202
1024 0 27204
1028 0 27305
1032 0 27401
1036 1285 27407
1040 0 27498
1044 0 27596
1048 0 27601
1052 0 27696
1056 0 27789
1060 2570 27785
1064 2582 27887
1068 2477 27984
1072 0 27971
1076 0 28067
1080 0 28163
1084 0 28172
1088 0 28272
1092 0 28360
1096 0 28367
1100 0 28464
1104 0 28557
1108 0 28550
1112 0 28650
1116 0 28753
1120 0 28719
1124 0 28816
1128 0 28909
1132 1284 28919
1136 859 29018
1140 0 29115
1144 0 29114
1148 0 29201
1152 0 29298
1156 0 29295
1160 0 29382
1164 0 29482
1168 3874 29475
1172 1291 29566
1176 1291 29657
1180 4006 29650
1184 3873 29750
1188 2766 29836
1192 9213 29832
1196 7746 29904
1200 7911 29990
1204 0 29995
1208 0 30095
1212 0 30181
1216 0 30185
1220 0 30261
1224 0 30367
1228 5287 30337
1232 5360 30440
1236 6473 30508
1240 2568 30534
1244 1285 30626
1248 0 30713
1252 7893 30709
1256 7859 30780
1260 6967 30870
1264 153050 30790
1268 3873 30876
1272 1291 30963
1276 0 30970
1280 0 31054
1284 0 31165
1288 29687 31126
1292 29693 31214
1296 29615 31279
1300 2570 31272
1304 2570 31374
1308 1294 31441
1312 30245 31446
1316 29693 31529
1320 29693 31599
1324 6451 31574
1328 5167 31687
1332 5186 31760
1336 34942 31723
1340 34481 31811
1344 33545 31895
1348 0 31891
1352 0 31993
1356 0 32085
1360 11910 32039
1364 8170 32124
1368 10658 32214
1372 14253 32230
1376 14363 32303
1380 13202 32393
1384 9600 32358
1388 9037 32445
1392 9037 32538
1396 12911 32527
1400 11904 32638
1404 10504 32702
1408 0 32694
1412 3886 32785
1416 3989 32875
1420 9125 32863
1424 9139 32937
1428 9134 33025
1432 12143 33009
1436 11941 33092
1440 10758 33162
1444 32274 33124
1448 31462 33208
1452 30452 33264
1456 12495 33259
1460 12007 33354
1464 11591 33428
1468 32342 33407
1472 32261 33462
1476 32019 33523
1480 10072 33520
1484 10328 33602
1488 7746 33707
1492 28282 33614
1496 28394 33681
1500 26506 33806
1504 9023 33814
1508 7429 33887
1512 6614 34004
1516 38502 33964
1520 36981 34050
1524 38171 34109
1528 3873 34086
1532 3859 34185
1536 3862 34270
1540 30198 34278
1544 30977 34332
1548 30972 34377
1552 17009 34377
1556 132555 34401
1560 15603 34483
1564 0 34448
1568 0 34599
1572 0 34677
1576 41094 34629
1580 41431 34714
1584 39185 34794
1588 11885 34762
1592 7909 34854
1596 9157 34908
1600 29630 34876
1604 28367 35002
1608 28145 35063
1612 24794 35043
1616 23791 35088
1620 22971 35171
1624 9406 35152
1628 9564 35218
1632 9023 35299
1636 48522 35249
1640 47815 35309
1644 46998 35379
1648 16120 35351
1652 15982 35426
1656 13702 35497
1660 29470 35468
1664 30373 35535
1668 28095 35587
1672 31007 35593
1676 30200 35640
1680 22504 35694
1684 12265 35725
1688 13064 35808
1692 11649 35855
1696 46859 35931
1700 46558 35960
1704 46273 36000
1708 16950 36078
1712 16228 36125
1716 12242 36160
1720 32894 36166
1724 33559 36214
1728 31199 36286
1732 39601 36272
1736 98940 36304
1740 46935 36351
1744 2985 36316
1748 1291 36403
1752 1291 36469
1756 53686 36458
1760 49700 36512
1764 48876 36582
1768 21015 36540
1772 13672 36591
1776 15478 36706
1780 30942 36667
1784 30235 36738
1788 29766 36845
1792 50944 36771
1796 48405 36806
1800 91713 36881
1804 3098 36907
1808 1284 37109
1812 1284 37157
1816 53538 37090
1820 49959 37295
1824 52762 37358
1828 36587 37402
1832 13193 37609
1836 11178 37751
1840 31462 37716
1844 32387 37891
1848 30264 38008
1852 49128 38021
1856 46818 38175
1860 48969 38209
1864 14180 38328
1868 13634 38492
1872 14564 38539
1876 50401 38606
1880 49681 38739
1884 48332 38804
1888 26137 38858
1892 17739 39011
1896 18202 39069
1900 30660 39134
1904 30561 39281
1908 29772 39352
1912 46457 39422
1916 47346 39460
1920 47039 39643
1924 11598 39660
1928 12108 39742
1932 9817 39947
1936 56047 39893
1940 55646 40050
1944 54162 40242
1948 15044 40195
1952 15046 40374
1956 14497 40514
1960 35563 40497
1964 35739 40649
1968 35130 40695
1972 52743 40783
1976 49274 40828
1980 46690 40989
1984 21139 40938
1988 21137 41076
1992 20828 41249
1996 57239 41177
2000 55860 41363
2004 56187 41401
2008 16755 41484
2012 15495 41525
2016 106121 41524
2020 2055 41592
2024 1291 41765
2028 0 41835
2032 49604 41876
2036 51249 41928
2040 50286 42086
2044 21950 42074
2048 22463 42218
2052 21007 42376
2056 57948 42307
2060 66205 42448
2064 56790 42489
2068 15507 42552
2072 17635 42587
2076 8431 42769
2080 53788 42735
2084 52548 42877
2088 51782 42904
2092 34184 42975
2096 33862 43026
2100 32640 43188
2104 36069 43150
2108 48928 43307
2112 34158 43330
2116 51449 43456
2120 52663 43682
2124 52437 43844
2128 24870 43935
2132 25379 44119
2136 24403 44310
2140 54714 44403
2144 51339 44578
2148 53428 44732
2152 36516 44804
2156 54630 44957
2160 38446 45123
2164 44410 45179
2168 42837 45333
2172 42965 45505
2176 55600 45581
2180 47942 45786
2184 53062 45880
2192 29122 45946
2196 28595 46108
2200 1464 46293
2204 15478 46469
2208 0 46703
2212 37056 46709
2216 52355 46842
2220 35470 47027
2224 44908 47092
2228 45716 47254
2232 44493 47363
2236 51878 47398
2240 51058 47562
2244 50924 47720
2248 39108 47771
2252 41671 47875
2256 40605 48020
2260 57550 48077
2264 70836 48181
2268 55979 48297
2272 31511 48386
2276 30633 48547
2280 29625 48699
2284 46487 48682
2288 48849 48842
2292 44974 48990
2296 54233 49006
2300 50871 49130
2304 58940 49276
2308 43666 49283
2312 41325 49397
2316 43971 49553
2320 56501 49582
2324 54851 49665
2328 55477 49805
2332 44981 49848
2336 39909 49935
2340 39772 50083
2344 52290 50113
2348 49687 50231
2352 53206 50388
2356 49425 50476
2360 47223 50514
2364 52125 50719
2368 46909 50816
2372 47453 50851
2376 47167 51058
2380 51157 51157
2384 74478 51182
2388 50909 51389
2392 40263 51486
2396 47526 51509
2400 38689 51732
