4 45480 378
124 200000 175
136 200000 156
184 200000 177
196 200000 169
208 199267 200
220 200000 137
244 200000 133
280 200000 149
284 52899 233
8 0 4477
632 120041 244
652 200000 197
884 86210 242
904 200000 190
916 200000 168
964 200000 140
1048 171452 210
1084 200000 169
1096 200000 170
1108 200000 168
1120 200000 169
1132 200000 168
1144 200000 173
1156 200000 158
1180 89090 248
1204 200000 164
1216 119789 237
1252 200000 179
1264 200000 160
1288 200000 156
1312 200000 177
1348 200000 177
1360 155908 216
1420 200000 181
1444 171551 226
1456 200000 185
1480 135785 233
1504 200000 147
1576 200000 169
1600 200000 161
1612 200000 156
1636 200000 185
1660 200000 162
1672 200000 182
1708 200000 174
1732 200000 175
1744 200000 158
1780 200000 150
1804 200000 158
1828 200000 162
1840 132864 237
1852 200000 185
1876 160033 214
1888 200000 179
1924 200000 158
1960 200000 154
1996 200000 160
2056 200000 174
2128 200000 174
2212 114006 237
2272 109942 240
2284 134518 229
2320 134299 230
2332 104900 242
2380 123013 238
2392 142218 226
12 0 20359
16 0 20381
20 0 20499
24 0 20618
28 0 20630
32 0 20751
36 0 20868
40 57062 20798
44 52955 20880
48 47788 20970
52 0 20996
56 0 21113
60 0 21231
64 80036 21211
68 79632 21264
72 76169 21351
76 89239 21262
80 90966 21331
84 89069 21378
88 66565 21402
92 63440 21495
96 59432 21554
100 85333 21524
104 81932 21568
108 71822 21639
112 82846 21588
116 82202 21670
120 75546 21711
128 10361 21715
132 9023 21832
140 67409 21781
144 62478 21866
148 80343 21821
152 77985 21898
156 78817 21975
160 107153 21883
164 41306 21942
168 41312 22004
172 27101 21992
176 21977 22090
180 16811 22190
188 13620 22207
192 11619 22318
200 44850 22276
204 45091 22362
212 0 22382
216 0 22489
224 16435 22490
228 13392 22569
232 95284 22551
236 87788 22594
240 71005 22674
248 52247 22601
252 50609 22693
256 58089 22702
260 56804 22749
264 56804 22827
268 0 22810
272 0 22926
276 0 23044
288 51908 23025
292 69220 22958
296 68523 22999
300 64896 23078
304 67968 23029
308 68755 23108
312 66575 23155
316 92890 23137
320 86877 23183
324 82821 23229
328 41304 23210
332 41352 23258
336 40021 23345
340 53024 23299
344 0 23400
348 0 23518
352 27105 23532
356 27111 23622
360 25810 23690
364 45963 23692
368 43887 23777
372 43791 23839
376 66519 23837
380 65351 23889
384 60960 23964
388 54103 23922
392 53780 24020
396 53367 24116
400 12904 24088
404 12910 24191
408 7746 24311
412 67153 24247
416 64595 24328
420 62176 24381
424 20644 24410
428 20650 24518
432 17767 24588
436 74222 24578
440 71956 24625
444 71455 24699
448 66293 24651
452 29765 24744
456 28459 24834
460 68567 24765
464 59159 24843
468 57722 24945
472 48066 24917
476 47463 24998
480 44868 25055
484 22068 25050
488 70453 25145
492 21941 25206
496 70295 25160
500 68416 25207
504 68338 25281
508 45709 25303
512 44635 25359
516 43914 25443
520 18411 25408
524 16777 25526
528 16770 25635
532 74358 25541
536 70305 25611
540 68810 25659
544 37708 25707
548 38092 25765
552 36060 25847
556 54252 25845
560 51016 25899
564 50340 25991
568 54215 25943
572 53704 26025
576 50395 26079
580 55976 26078
584 53352 26128
588 50342 26205
592 58175 26199
596 58862 26249
600 88470 26288
604 54169 26277
608 54200 26372
612 53675 26421
616 59590 26415
620 59717 26462
624 57209 26546
628 62075 26497
636 66967 26588
640 1291 26549
644 602 26646
648 0 26732
656 0 26724
660 0 26816
664 56756 26787
668 52267 26838
672 55270 26929
676 97939 26862
680 96289 26933
684 97261 26967
688 41644 26921
692 44721 27015
696 86291 27053
700 59190 27046
704 58046 27092
708 57041 27165
712 72805 27104
716 73382 27196
720 77517 27236
724 32709 27208
728 31704 27299
732 30677 27352
736 83934 27325
740 80695 27392
744 79523 27429
748 86181 27361
752 62905 27416
756 62328 27491
760 61427 27437
764 59759 27508
768 60921 27578
772 70514 27520
776 67917 27602
780 67879 27643
784 33341 27637
788 30768 27726
792 23544 27782
796 61962 27767
800 61968 27811
804 61516 27878
808 126730 27775
812 87087 27807
816 88173 27882
820 22173 27843
824 19904 27947
828 82470 27983
832 70198 27975
836 70122 28014
840 67903 28055
844 66305 28047
848 64889 28088
852 64054 28177
856 65834 28113
860 65646 28205
864 61250 28246
868 66639 28192
872 63259 28282
876 64417 28323
880 66255 28316
888 62307 28356
892 23344 28344
896 42644 28392
900 21940 28470
908 22120 28462
912 20852 28517
920 11429 28513
924 14720 28604
928 77874 28548
932 74345 28584
936 72538 28649
940 68946 28588
944 68249 28648
948 65834 28709
952 40014 28654
956 40021 28725
960 36148 28800
968 73649 28715
972 72857 28787
976 65405 28744
980 63883 28831
984 62922 28870
988 77043 28813
992 76514 28890
996 75292 28924
1000 78646 28912
1004 77748 28937
1008 76488 28971
1012 71257 28959
1016 71232 28990
1020 68690 29027
1024 78299 29003
1028 79943 29033
1032 77674 29065
1036 69086 29057
1040 68759 29092
1044 67144 29157
1052 38975 29095
1056 38723 29177
1060 63974 29111
1064 62046 29199
1068 62493 29234
1072 62102 29216
1076 63026 29252
1080 57743 29291
1088 10328 29294
1092 9611 29346
1100 19497 29353
1104 19542 29430
1112 19960 29378
1116 18142 29447
1124 32268 29416
1128 31251 29491
1136 27756 29427
1140 26781 29508
1148 1291 29511
1152 315 29564
1160 47257 29565
1164 46464 29604
1168 74598 29538
1172 74864 29614
1176 73835 29643
1184 76961 29621
1188 76162 29652
1192 23231 29611
1196 21592 29694
1200 20346 29761
1208 35219 29704
1212 33676 29747
1220 63625 29721
1224 69707 29748
1228 58088 29708
1232 42414 29775
1236 39324 29815
1240 77020 29796
1244 72296 29823
1248 74281 29847
1256 3873 29806
1260 1375 29878
1268 45503 29854
1272 45370 29889
1276 67125 29890
1280 66853 29922
1284 64807 29954
1292 48827 29908
1296 54809 29941
1300 63195 29938
1304 60677 29970
1308 59372 30068
1316 23238 30000
1320 22187 30067
1324 84925 29991
1328 82519 30032
1332 79312 30061
1336 56804 30033
1340 55823 30066
1344 56790 30117
1352 24529 30064
1356 24510 30102
1364 51633 30065
1368 40021 30129
1372 104974 30039
1376 54211 30104
1380 52924 30134
1384 60670 30093
1388 60311 30121
1392 58727 30164
1396 57803 30091
1400 56804 30155
1404 54346 30186
1408 55506 30174
1412 55513 30277
1416 53227 30309
1424 19365 30236
1428 20656 30305
1432 59958 30252
1436 59334 30320
1440 57949 30374
1448 60670 30295
1452 14201 30369
1460 5164 30346
1464 26032 30381
1468 62351 30310
1472 45555 30433
1476 47760 30455
1484 41753 30348
1488 41312 30421
1492 16783 30386
1496 16596 30521
1500 16776 30544
1508 64550 30451
1512 62832 30526
1516 47903 30469
1520 49058 30541
1524 46469 30579
1528 121441 30464
1532 63716 30488
1536 63252 30521
1540 33559 30455
1544 34877 30573
1548 30977 30593
1552 105348 30524
1556 50342 30597
1560 49058 30619
1564 50342 30604
1568 49058 30630
1572 46535 30674
1580 11619 30600
1584 11320 30637
1588 48962 30684
1592 47767 30705
1596 46469 30729
1604 23435 30674
1608 23238 30706
1616 38842 30631
1620 41305 30700
1624 61961 30652
1628 60387 30705
1632 58095 30728
1640 14201 30640
1644 12910 30711
1648 18074 30725
1652 19365 30755
1656 15199 30825
1664 47453 30754
1668 47767 30778
1676 21947 30768
1684 61927 30706
1680 25820 30904
1688 59379 30827
1692 56898 30843
1696 59386 30905
1700 59218 30929
1704 58088 30997
1712 36148 30914
1716 34857 31003
1720 16783 30996
1724 15635 31074
1728 16776 31136
1736 15492 31089
1740 19365 31149
1748 42603 31062
1752 41432 31112
1756 52924 31087
1760 51640 31145
1764 48262 31193
1768 50342 31205
1772 49985 31235
1776 46476 31328
1784 34857 31243
1788 35019 31305
1792 34857 31361
1796 32275 31410
1800 30184 31474
1808 43987 31385
1812 43894 31466
1816 40469 31442
1820 37439 31508
1824 37439 31553
1832 36148 31473
1836 36148 31536
1844 30643 31495
1848 29693 31595
1856 12910 31480
1860 12184 31575
1864 43885 31589
1868 34857 31638
1872 32275 31688
1880 0 31666
1884 0 31760
1892 12910 31666
1896 9037 31766
1900 58720 31718
1904 59318 31811
1908 55513 31832
1912 54213 31826
1916 51017 31871
1920 50349 31914
1928 49058 31834
1932 48387 31853
1936 40012 31925
1940 36148 32019
1944 33566 32060
1948 65246 32050
1952 63259 32087
1956 60677 32153
1964 51050 32030
1968 49058 32087
1972 47758 32055
1976 49058 32109
1980 43894 32156
1984 50262 32116
1988 49049 32183
1992 49058 32214
2000 49058 32123
2004 50349 32148
2008 45176 32140
2012 45185 32173
2016 42603 32228
2020 41272 32191
2024 37430 32251
2028 34857 32287
2032 61681 32252
2036 52922 32289
2040 52931 32330
2044 59998 32285
2048 56804 32321
2052 56795 32367
2060 33566 32246
2064 30984 32295
2068 78662 32228
2072 42594 32287
2076 42603 32312
2080 47758 32323
2084 47767 32353
2088 45185 32427
2092 45746 32381
2096 43894 32502
2100 41312 32596
2104 84004 32532
2108 24520 32639
2112 24529 32730
2116 49049 32715
2120 47767 32801
2124 46476 32912
2132 30984 32829
2136 30984 32915
2140 69429 32853
2144 30975 32975
2148 32275 33063
2152 62707 33027
2156 36139 33110
2160 34857 33209
2164 64847 33168
2168 37430 33242
2172 36148 33313
2176 76281 33244
2180 25811 33324
2184 24529 33409
2188 64277 33351
2192 23229 33450
2196 24529 33571
2200 83456 33481
2204 23229 33559
2208 21947 33644
2216 0 33661
2220 0 33752
2224 38730 33714
2228 36148 33817
2232 35469 33857
2236 94120 33853
2240 27102 33907
2244 27111 34024
2248 80873 33934
2252 9028 34023
2256 16783 34113
2260 44434 34096
2264 45176 34150
2268 40021 34220
2276 7737 34242
2280 7746 34328
2288 0 34308
2292 0 34404
2296 51355 34378
2300 49058 34407
2304 49058 34493
2308 29177 34501
2312 28402 34579
2316 27102 34676
2324 16774 34658
2328 16783 34735
2336 12901 34697
2340 9037 34789
2344 78693 34713
2348 23229 34758
2352 21947 34837
2356 79694 34735
2360 18065 34835
2364 18074 34934
2368 104848 34828
2372 0 34931
2376 0 35059
2384 0 35052
2388 0 35098
2396 2573 35102
2400 1291 35229
