4 33242 501
76 120058 208
80 55500 247
100 200000 185
104 143301 206
108 0 226
8 0 1046
112 200000 102
116 200000 131
12 0 1317
16 0 1239
20 0 1259
24 0 1279
28 0 1203
32 0 1223
36 0 1638
48 0 1551
52 0 1461
56 0 1465
64 67134 1388
68 60687 1402
72 58354 1415
84 32275 1320
88 95980 1229
40 0 1862
44 0 1867
60 0 1767
92 0 1474
96 0 1493
120 183168 1225
124 0 1207
172 200000 185
176 152338 205
180 0 248
196 200000 119
200 200000 166
128 0 1626
132 0 1631
220 176991 253
244 200000 170
248 200000 194
268 200000 162
272 200000 184
292 200000 158
296 200000 179
316 200000 149
320 200000 168
136 0 2194
140 0 2211
144 0 2233
148 0 1961
152 0 1980
156 0 2152
160 0 2172
164 0 2193
168 0 3038
580 171625 218
652 59749 253
772 110656 238
880 200000 169
936 58067 252
1144 200000 177
1276 200000 176
1408 167287 250
1456 200000 156
1504 150546 244
1684 102269 255
1708 200000 164
1744 200000 166
1756 200000 158
1768 171819 210
1804 200000 162
1828 200000 183
1852 200000 177
1876 200000 177
1924 200000 192
1948 200000 170
1984 200000 191
1996 124035 232
2020 128220 232
2080 163464 214
2092 122572 227
2116 126231 240
184 0 16491
2140 192010 206
2152 161330 215
2164 108444 242
2188 91661 242
2212 127781 240
2236 150033 220
2248 113779 249
2272 173858 208
2284 148120 232
2308 128075 231
2332 185593 207
2344 172156 212
2356 158413 220
2368 81333 255
2392 189246 203
188 0 18946
192 0 19067
204 131873 18946
208 0 18904
212 0 18959
216 0 18989
224 0 18886
228 0 19004
232 0 19098
236 0 19216
240 0 19332
252 55085 19345
256 0 19340
260 0 19456
264 0 19565
276 79153 19564
280 0 19561
284 0 19677
288 0 19786
300 80213 19758
304 0 19786
308 0 19900
312 0 20016
324 81329 19986
328 0 19990
332 0 20104
336 0 20212
340 0 20128
344 0 20236
348 0 20356
352 0 20466
356 0 20573
360 0 20685
364 0 20593
368 0 20700
372 0 20815
376 0 20959
380 0 21065
384 0 21177
388 71139 21023
392 34850 21102
396 33566 21149
400 25820 21228
404 24529 21279
408 23238 21353
412 71282 21197
416 3866 21212
420 1291 21258
424 0 21334
428 0 21448
432 0 21520
436 0 21482
440 0 21587
444 0 21699
448 81772 21729
452 81333 21812
456 80634 21860
460 0 21862
464 0 21972
468 0 22072
472 199814 21987
476 28402 22086
480 16783 22189
484 0 22197
488 0 22308
492 0 22420
496 11665 22370
500 10360 22476
504 9030 22584
508 73189 22588
512 72296 22672
516 71005 22753
520 12910 22704
524 9146 22805
528 9024 22912
532 85199 22911
536 82479 22956
540 81333 23034
544 2576 23044
548 2582 23140
552 2582 23255
556 150977 23174
560 51640 23264
564 47755 23345
568 0 23348
572 0 23423
576 0 23534
584 46476 23523
588 33566 23611
592 76106 23595
596 73820 23642
600 74048 23717
604 64199 23662
608 63347 23748
612 63408 23832
616 53011 23796
620 51883 23875
624 49997 23966
628 67732 23913
632 67472 23977
636 55478 24031
640 55976 24019
644 54275 24104
648 52920 24199
656 51758 24149
660 54193 24236
664 16406 24227
668 15933 24327
672 13854 24395
676 87774 24375
680 86531 24450
684 85605 24492
688 18159 24485
692 16864 24583
696 11536 24676
700 89073 24632
704 86779 24711
708 85806 24747
712 74778 24693
716 73497 24733
720 71720 24795
724 6448 24830
728 6455 24931
732 3964 25001
736 103331 24957
740 80180 25000
744 80460 25079
748 74863 25048
752 74014 25082
756 73408 25161
760 19359 25133
764 19368 25215
768 16959 25322
776 77431 25318
780 76343 25355
784 9008 25338
788 7746 25418
792 4939 25533
796 94911 25475
800 90370 25543
804 83928 25592
808 91112 25500
812 90298 25550
816 87940 25646
820 15422 25635
824 15613 25711
828 15429 25806
832 90322 25739
836 88075 25821
840 86448 25852
844 46183 25821
848 46462 25862
852 46160 25945
856 49257 25909
860 49095 25973
864 47282 26033
868 54143 26031
872 51695 26079
876 56797 26145
884 37425 26079
888 37690 26132
892 42159 26162
896 41509 26255
900 39075 26336
904 86220 26267
908 84923 26341
912 85742 26376
916 63919 26356
920 61819 26392
924 62399 26478
928 59693 26422
932 56874 26478
940 6215 26484
944 2582 26583
948 2582 26687
952 95754 26616
956 92945 26644
960 92086 26716
964 24149 26695
968 21939 26749
972 21038 26821
976 97626 26802
980 94707 26835
984 90363 26907
988 73618 26820
992 74247 26889
996 72324 26920
1000 14194 26920
1004 10555 27008
1008 11612 27063
1012 152113 27006
1016 67111 27045
1020 66029 27127
1024 55506 27059
1028 70115 27120
1032 71471 27145
1036 7734 27136
1040 6491 27235
1044 5164 27326
1048 87464 27274
1052 86497 27304
1056 86490 27352
1060 91315 27243
1064 67234 27315
1068 66042 27343
1072 24752 27374
1076 46569 27455
1080 20870 27504
1084 60684 27477
1088 60670 27502
1092 60252 27590
1096 57713 27509
1100 57184 27586
1104 55785 27626
1108 61561 27585
1112 60677 27663
1116 59347 27696
1120 23224 27683
1124 22531 27753
1128 18883 27833
1132 73580 27770
1136 74058 27844
1140 74871 27870
1148 6455 27788
1152 6107 27850
1156 56790 27838
1160 54594 27913
1164 55604 27949
1168 49145 27935
1172 45927 27978
1176 46482 28023
1180 60806 27955
1184 57789 27986
1188 57121 28045
1192 66551 28052
1196 67203 28074
1200 63266 28135
1204 61529 28094
1208 61860 28127
1212 59964 28216
1216 74668 28145
1220 72796 28199
1224 70655 28229
1228 68180 28193
1232 65243 28225
1236 63628 28292
1240 58070 28226
1244 58177 28298
1248 56138 28380
1252 70119 28309
1256 68614 28369
1260 67125 28392
1264 41895 28350
1268 40731 28383
1272 40028 28444
1280 38069 28417
1284 6448 28475
1288 41210 28401
1292 40021 28464
1296 40014 28580
1300 65952 28489
1304 65821 28551
1308 64213 28610
1312 49051 28557
1316 50306 28605
1320 47760 28643
1324 63245 28596
1328 62028 28625
1332 58900 28713
1336 47760 28651
1340 46469 28709
1344 46781 28777
1348 75093 28689
1352 74186 28766
1356 72772 28789
1360 41305 28737
1364 40846 28800
1368 39050 28868
1372 81618 28834
1376 80182 28849
1380 78206 28874
1384 46469 28811
1388 46476 28844
1392 47072 28913
1396 48858 28900
1400 49058 28934
1404 47760 29004
1412 6448 28972
1416 51640 28993
1420 27111 28975
1424 49777 28990
1428 27104 29043
1432 48038 28962
1436 45455 29025
1440 46462 29043
1444 40880 29052
1448 37439 29110
1452 37439 29147
1460 42982 29086
1464 42589 29157
1468 30977 29130
1472 30984 29183
1476 29693 29224
1480 79209 29191
1484 74541 29212
1488 74871 29308
1492 58088 29221
1496 58293 29273
1500 56234 29300
1508 28545 29281
1512 43887 29307
1516 52415 29270
1520 50349 29301
1524 49023 29362
1528 61961 29347
1532 61087 29376
1536 61887 29442
1540 92821 29362
1544 46469 29412
1548 47750 29432
1552 34850 29372
1556 34857 29439
1560 34589 29492
1564 58523 29406
1568 58095 29481
1572 57078 29504
1576 44483 29501
1580 42596 29517
1584 41312 29556
1588 73270 29481
1592 73587 29564
1596 70991 29583
1600 65420 29531
1604 63252 29555
1608 61542 29619
1612 37432 29555
1616 32953 29610
1620 32275 29642
1624 47760 29597
1628 45881 29624
1632 46469 29700
1636 59379 29603
1640 59231 29670
1644 56797 29692
1648 54109 29637
1652 54215 29659
1656 52931 29749
1660 58088 29676
1664 55513 29746
1668 54962 29769
1672 33559 29734
1676 27111 29797
1680 27243 29877
1688 28395 29799
1692 27111 29831
1696 27111 29908
1700 27111 29935
1704 24622 29963
1712 33559 29987
1716 6302 30006
1720 40014 29925
1724 39751 29936
1728 37432 30099
1732 0 30059
1736 0 30090
1740 0 30251
1748 7746 30174
1752 4561 30338
1760 33559 30249
1764 34091 30273
1772 0 30330
1776 0 30358
1780 81206 30255
1784 59379 30271
1788 57018 30427
1792 0 30387
1796 0 30415
1800 0 30573
1808 34403 30471
1812 24522 30497
1816 45178 30538
1820 45185 30553
1824 43216 30575
1832 7746 30489
1836 6492 30644
1840 41305 30607
1844 39841 30631
1848 37439 30776
1856 25506 30674
1860 23238 30699
1864 45178 30719
1868 42885 30802
1872 42603 30825
1880 30282 30730
1884 28402 30851
1888 43887 30797
1892 42603 30819
1896 39540 30961
1900 136833 30833
1904 54294 30841
1908 54222 30857
1912 10319 30832
1916 6455 30903
1920 1291 30966
1928 10328 30910
1932 15492 31014
1936 45185 30959
1940 43894 31013
1944 42594 31029
1952 40021 30952
1956 40021 31111
1960 46467 31040
1964 43894 31089
1968 43894 31103
1972 27102 31180
1976 25820 31225
1980 25820 31345
1988 11619 31350
1992 11619 31371
2000 19356 31418
2004 19365 31565
2008 26999 31490
2012 27111 31630
2016 27102 31650
2024 19356 31688
2028 19365 31860
2032 44733 31781
2036 43894 31919
2040 41303 31936
2044 50870 32001
2048 50340 32016
2052 49058 32189
2056 29684 32133
2060 28402 32319
2064 27111 32485
2068 32079 32561
2072 30975 32724
2076 29693 32873
2084 1282 32970
2088 1291 33158
2096 9028 33268
2100 2582 33439
2104 38730 33475
2108 38977 33613
2112 36139 33764
2120 27102 33790
2124 27111 33920
2128 30015 33949
2132 27102 34072
2136 27111 34213
2144 0 34204
2148 0 34434
2156 11610 34473
2160 15492 34678
2168 25003 34708
2172 24529 34841
2176 30984 34840
2180 29428 34972
2184 27102 35112
2192 9037 35168
2196 7044 35328
2200 34446 35349
2204 34857 35459
2208 33557 35570
2216 24520 35575
2220 23238 35715
2224 23238 35752
2228 20656 35858
2232 21263 35982
2240 0 36019
2244 0 36200
2252 27102 36174
2256 25820 36320
2260 10328 36363
2264 11275 36477
2268 7737 36595
2276 0 36625
2280 0 36747
2288 21938 36741
2292 21947 36860
2296 36148 36894
2300 33557 36940
2304 32720 37066
2312 0 37151
2316 0 37329
2320 36576 37346
2324 34857 37397
2328 30984 37559
2336 0 37613
2340 0 37763
2348 0 37802
2352 0 37949
2360 0 37983
2364 0 38131
2372 33435 38067
2376 30984 38213
2380 24529 38239
2384 23238 38390
2388 20597 38455
2396 0 38501
2400 0 38667
