4 200000 27
8 200000 46
12 200000 65
16 200000 22
20 200000 43
24 200000 64
28 200000 22
32 200000 43
36 200000 64
40 200000 21
44 200000 43
48 200000 64
52 200000 29
56 200000 43
60 200000 63
64 200000 21
68 200000 43
72 200000 63
76 200000 21
80 200000 43
84 200000 63
88 200000 21
92 200000 43
96 200000 64
104 200000 43
108 200000 64
100 200000 66
112 200000 22
116 200000 43
120 200000 64
132 200000 64
124 200000 68
128 200000 71
136 200000 21
140 200000 43
144 200000 64
156 200000 64
148 200000 70
152 200000 80
160 200000 22
164 200000 43
168 200000 64
172 200000 21
176 200000 43
180 200000 64
184 200000 21
188 200000 43
192 200000 64
196 200000 21
200 200000 43
204 200000 64
208 200000 22
212 200000 43
216 200000 64
220 200000 22
224 200000 43
228 200000 64
232 200000 22
236 200000 43
240 200000 64
244 200000 22
248 200000 43
252 200000 64
256 200000 22
260 200000 43
264 200000 64
268 200000 22
272 200000 43
276 200000 64
280 200000 22
284 200000 44
288 200000 64
292 200000 22
296 200000 43
300 200000 65
304 200000 22
308 200000 43
312 200000 65
324 200000 69
316 200000 72
320 200000 81
328 200000 22
332 200000 47
336 200000 68
340 200000 22
344 200000 44
348 200000 65
352 200000 23
356 200000 50
360 200000 72
364 200000 53
368 200000 64
372 200000 85
376 200000 23
380 200000 43
384 200000 65
388 200000 23
392 200000 44
396 200000 65
400 200000 78
404 200000 94
408 200000 122
412 200000 44
416 200000 65
420 200000 86
424 200000 29
428 200000 51
432 200000 72
436 200000 22
440 200000 44
444 200000 65
448 200000 22
452 200000 44
456 200000 70
460 200000 23
464 200000 44
468 200000 65
472 200000 22
476 200000 44
480 200000 65
484 200000 46
488 200000 75
492 200000 98
496 200000 23
500 200000 44
504 200000 65
508 200000 23
512 200000 44
516 200000 65
520 200000 23
524 200000 44
528 200000 65
532 200000 37
536 200000 58
540 200000 80
544 200000 23
548 200000 45
552 200000 65
556 200000 24
560 200000 45
564 200000 66
568 200000 67
572 200000 72
576 200000 96
580 200000 23
584 200000 45
588 200000 65
592 200000 50
596 200000 79
600 200000 102
604 200000 24
608 200000 45
612 200000 67
616 200000 23
620 200000 44
624 200000 66
628 200000 46
632 200000 72
636 200000 93
640 200000 25
644 200000 47
648 200000 68
652 200000 23
656 200000 44
660 200000 65
664 200000 23
668 200000 44
672 200000 66
676 200000 23
680 200000 44
684 200000 66
688 200000 24
692 200000 45
696 200000 67
700 200000 24
704 200000 44
708 200000 66
712 200000 25
716 200000 47
720 200000 67
724 200000 48
728 200000 70
732 200000 93
736 200000 26
740 200000 48
744 200000 70
748 200000 23
752 200000 45
756 200000 65
760 200000 28
764 200000 50
768 200000 71
772 200000 50
776 200000 73
780 200000 107
784 200000 24
788 200000 44
792 200000 66
796 200000 23
800 200000 45
804 200000 65
808 200000 23
812 200000 45
816 200000 66
820 200000 23
824 200000 45
828 200000 66
832 200000 42
836 200000 62
840 200000 84
844 200000 24
848 200000 44
852 200000 66
856 200000 25
860 200000 45
864 200000 66
868 200000 23
872 200000 45
876 200000 66
880 200000 23
884 200000 45
888 200000 67
892 200000 25
896 200000 47
900 200000 68
904 200000 23
908 200000 45
912 200000 66
916 200000 23
920 200000 45
924 200000 66
928 200000 24
932 200000 45
936 200000 66
940 200000 24
944 200000 44
948 200000 66
952 200000 28
956 200000 50
960 200000 70
964 200000 23
968 200000 45
972 200000 66
976 200000 24
980 200000 46
984 200000 67
988 200000 38
992 200000 60
996 200000 81
1000 200000 24
1004 200000 45
1008 200000 65
1012 200000 45
1016 200000 67
1020 200000 89
1024 200000 23
1028 200000 45
1032 200000 66
1036 200000 24
1040 200000 45
1044 200000 65
1048 200000 43
1052 200000 67
1056 200000 89
1060 200000 23
1064 200000 45
1068 200000 65
1072 200000 23
1076 200000 45
1080 200000 65
1084 200000 24
1088 200000 44
1092 200000 66
1096 200000 46
1100 200000 67
1104 200000 91
1108 200000 22
1112 200000 44
1116 200000 66
1120 200000 63
1124 200000 82
1128 200000 103
1132 200000 29
1136 200000 50
1140 200000 71
1144 200000 23
1148 200000 45
1152 200000 65
1156 200000 23
1160 200000 44
1164 200000 66
1168 200000 23
1172 200000 45
1176 200000 65
1180 200000 23
1184 200000 45
1188 200000 65
1192 200000 47
1196 200000 72
1200 200000 94
1204 200000 23
1208 200000 44
1212 200000 66
1216 200000 23
1220 200000 44
1224 200000 66
1228 200000 24
1232 200000 44
1236 200000 66
1240 200000 23
1244 200000 45
1248 200000 65
1252 200000 58
1256 200000 75
1260 200000 97
1264 200000 29
1268 200000 51
1272 200000 71
1276 200000 44
1280 200000 69
1284 200000 91
1288 200000 24
1292 200000 44
1296 200000 66
1300 200000 23
1304 200000 45
1308 200000 66
1312 200000 48
1316 200000 72
1320 200000 95
1324 200000 23
1328 200000 45
1332 200000 65
1336 200000 23
1340 200000 44
1344 200000 66
1348 200000 26
1352 200000 46
1356 200000 66
1360 200000 49
1364 200000 70
1368 200000 90
1372 200000 43
1376 200000 64
1380 200000 84
1384 200000 23
1388 200000 45
1392 200000 65
1396 200000 23
1400 200000 45
1404 200000 66
1408 200000 47
1412 200000 67
1416 200000 87
1420 200000 23
1424 200000 45
1428 200000 65
1432 200000 27
1436 200000 47
1440 200000 68
1444 200000 63
1448 200000 67
1452 200000 93
1456 200000 23
1460 200000 45
1464 200000 66
1468 200000 24
1472 200000 44
1476 200000 66
1480 200000 24
1484 200000 44
1488 200000 66
1492 200000 52
1496 200000 83
1500 200000 105
1504 200000 25
1508 200000 46
1512 200000 68
1516 200000 24
1520 200000 45
1524 200000 66
1528 200000 37
1532 200000 62
1536 200000 82
1540 200000 23
1544 200000 45
1548 200000 66
1552 200000 27
1556 200000 49
1560 200000 70
1564 200000 23
1568 200000 45
1572 200000 66
1576 200000 49
1580 200000 71
1584 200000 94
1588 200000 23
1592 200000 45
1596 200000 66
1600 200000 27
1604 200000 48
1608 200000 69
1612 200000 26
1616 200000 44
1620 200000 66
1624 200000 25
1628 200000 45
1632 200000 66
1636 200000 26
1640 200000 46
1644 200000 67
1648 200000 23
1652 200000 45
1656 200000 66
1660 200000 23
1664 200000 45
1668 200000 66
1672 200000 26
1676 200000 47
1680 200000 68
1684 200000 23
1688 200000 45
1692 200000 66
1696 200000 24
1700 200000 45
1704 200000 66
1708 200000 48
1712 200000 70
1716 200000 91
1720 200000 26
1724 200000 48
1728 200000 69
1732 200000 34
1736 200000 56
1740 200000 77
1744 200000 23
1748 200000 45
1752 200000 66
1756 200000 24
1760 200000 44
1764 200000 66
1768 200000 24
1772 200000 45
1776 200000 67
1780 200000 23
1784 200000 45
1788 200000 66
1792 200000 24
1796 200000 44
1800 200000 66
1804 200000 23
1808 200000 45
1812 200000 66
1816 200000 48
1820 200000 73
1824 200000 93
1828 200000 23
1832 200000 45
1836 200000 66
1840 200000 24
1844 200000 45
1848 200000 65
1852 200000 23
1856 200000 45
1860 200000 66
1864 200000 52
1868 200000 80
1872 200000 102
1876 200000 26
1880 200000 46
1884 200000 67
1888 200000 23
1892 200000 44
1896 200000 66
1900 200000 23
1904 200000 45
1908 200000 65
1912 200000 23
1916 200000 45
1920 200000 65
1924 200000 23
1928 200000 44
1932 200000 66
1936 200000 23
1940 200000 44
1944 200000 66
1948 200000 48
1952 200000 74
1956 200000 96
1960 200000 22
1964 200000 44
1968 200000 66
1972 200000 23
1976 200000 45
1980 200000 66
1984 200000 23
1988 200000 45
1992 200000 65
1996 200000 24
2000 200000 44
2004 200000 66
2008 200000 23
2012 200000 44
2016 200000 65
2020 200000 23
2024 200000 44
2028 200000 65
2032 200000 23
2036 200000 47
2040 200000 69
2044 200000 23
2048 200000 44
2052 200000 66
2056 200000 24
2060 200000 44
2064 200000 66
2068 200000 25
2072 200000 45
2076 200000 66
2080 200000 23
2084 200000 45
2088 200000 66
2092 200000 23
2096 200000 44
2100 200000 66
2104 200000 23
2108 200000 45
2112 200000 66
2116 200000 24
2120 200000 44
2124 200000 66
2128 200000 23
2132 200000 44
2136 200000 66
2140 200000 23
2144 200000 44
2148 200000 66
2152 200000 24
2156 200000 44
2160 200000 66
2164 200000 23
2168 200000 44
2172 200000 66
2176 200000 24
2180 200000 44
2184 200000 66
2188 200000 23
2192 200000 44
2196 200000 66
2200 200000 26
2204 200000 48
2208 200000 68
2212 200000 23
2216 200000 45
2220 200000 66
2224 200000 23
2228 200000 45
2232 200000 66
2236 200000 23
2240 200000 44
2244 200000 66
2248 200000 23
2252 200000 45
2256 200000 66
2260 200000 24
2264 200000 44
2268 200000 66
2272 200000 24
2276 200000 44
2280 200000 66
2284 200000 33
2288 200000 55
2292 200000 77
2296 200000 24
2300 200000 44
2304 200000 66
2308 200000 24
2312 200000 45
2316 200000 66
2320 200000 24
2324 200000 44
2328 200000 66
2332 200000 24
2336 200000 46
2340 200000 67
2344 200000 23
2348 200000 45
2352 200000 72
2356 200000 24
2360 200000 45
2364 200000 66
2368 200000 23
2372 200000 47
2376 200000 67
2380 200000 24
2384 200000 47
2388 200000 68
2392 200000 23
2396 200000 45
2400 200000 66
