20 80104 227
28 200000 188
32 120063 208
36 0 230
40 200000 191
44 86497 212
48 0 233
52 200000 153
56 200000 173
60 200000 195
72 0 232
4 45593 772
8 0 791
12 0 811
16 102184 725
24 68597 734
76 200000 104
80 200000 126
84 200000 146
64 60670 536
68 0 545
88 200000 58
92 200000 80
96 200000 101
100 200000 83
104 200000 104
108 158462 252
112 200000 52
116 200000 73
120 200000 95
124 200000 75
128 200000 97
132 200000 118
136 200000 52
140 200000 73
144 200000 94
148 200000 76
152 200000 96
156 200000 118
160 200000 51
164 200000 73
168 200000 95
172 200000 80
176 200000 101
180 200000 122
184 200000 52
188 200000 73
192 200000 94
196 200000 75
200 200000 96
204 200000 118
208 200000 51
212 200000 73
216 200000 95
220 200000 75
224 200000 96
228 200000 117
240 200000 94
244 200000 75
248 200000 96
252 200000 118
232 200000 245
236 200000 246
256 200000 51
260 200000 73
264 200000 95
268 200000 75
272 200000 152
276 200000 172
280 200000 63
284 200000 85
288 200000 106
292 200000 97
296 200000 178
300 200000 196
304 200000 65
308 200000 87
312 200000 169
316 200000 146
320 200000 168
324 200000 188
328 200000 76
332 200000 149
336 200000 170
340 200000 63
344 200000 84
348 200000 106
352 200000 79
356 200000 163
364 200000 63
368 200000 130
372 200000 149
360 200000 286
376 200000 83
380 200000 102
384 200000 139
388 200000 128
392 200000 153
396 200000 183
400 200000 111
404 200000 152
412 200000 139
424 200000 158
460 200000 162
496 200000 162
508 200000 186
568 175793 209
592 200000 146
604 200000 152
616 200000 156
628 163353 215
652 200000 155
664 200000 158
676 186469 205
688 200000 167
700 200000 160
712 200000 152
724 200000 162
736 200000 149
748 200000 171
760 200000 150
772 160297 210
784 200000 166
796 200000 176
832 200000 164
844 200000 142
856 200000 191
868 200000 141
880 200000 161
892 200000 148
904 200000 178
916 200000 156
928 200000 164
940 200000 144
964 200000 154
976 200000 177
988 200000 166
1000 200000 126
1004 200000 176
1012 200000 173
1024 200000 134
1028 200000 196
1036 200000 175
1048 200000 135
1060 200000 161
1072 200000 171
1084 200000 113
1088 200000 169
1092 134759 224
1096 167785 224
1108 200000 197
1120 200000 120
1124 200000 176
1132 200000 186
1144 200000 158
1156 200000 163
1168 200000 160
1180 200000 183
1192 200000 168
1204 200000 126
1208 186431 202
1216 200000 149
1240 200000 168
1252 200000 193
1264 200000 162
1276 200000 173
1284 59379 227
1288 200000 188
1300 200000 128
1312 200000 168
1324 200000 182
1336 200000 134
1348 200000 182
1360 200000 174
1372 200000 149
1380 104727 227
1384 124420 215
1396 200000 152
1420 200000 138
1432 200000 171
1444 186218 203
1456 200000 167
1480 200000 177
1492 200000 178
1504 200000 168
1516 195655 206
1528 200000 156
1540 200000 143
1564 200000 144
1568 134831 220
1576 190180 214
1588 200000 99
1592 200000 168
1600 200000 192
1624 200000 177
1636 200000 165
1648 200000 162
1660 200000 149
1664 200000 193
1672 200000 198
1684 200000 188
1696 166787 204
1708 200000 162
1720 200000 188
1732 200000 100
1736 200000 193
1756 200000 186
1780 200000 103
1784 200000 192
1804 200000 174
1828 200000 172
1852 200000 159
1864 200000 179
1888 200000 174
1900 200000 107
1904 168815 205
1912 200000 167
1924 200000 173
408 200000 13052
1948 200000 112
1952 147834 214
1960 200000 147
1964 184752 205
1972 200000 180
1996 200000 126
2008 200000 151
2020 200000 180
2044 200000 186
2056 200000 146
2068 200000 131
2072 162242 207
2080 200000 158
2092 174276 210
2116 200000 161
2128 200000 122
2132 200000 194
2140 200000 189
2152 200000 194
2164 200000 115
2176 180305 217
2188 200000 130
2200 200000 133
2204 163011 216
2212 200000 179
2224 200000 169
2236 200000 117
2240 178610 206
2248 200000 133
2260 152187 217
2272 200000 153
2284 200000 120
2288 144592 233
2296 200000 145
2308 200000 128
2320 186438 217
2332 200000 135
2344 200000 126
2348 173678 211
2356 200000 128
2368 200000 149
2380 200000 116
2384 157401 219
2392 200000 149
416 99173 17803
420 102302 17826
428 83137 17739
432 71316 17760
436 143904 17682
440 29687 17774
444 28402 17803
448 58089 17749
452 45185 17818
456 74878 17838
464 52000 17766
468 51990 17838
472 81938 17770
476 55507 17812
480 57021 17889
484 0 17848
488 0 17955
492 0 18016
500 0 18013
504 0 18101
512 41627 18050
516 39216 18095
520 57201 18087
524 55314 18129
528 52385 18210
532 97775 18144
536 76157 18180
540 75471 18264
544 76966 18196
548 70636 18234
552 65957 18317
556 83242 18255
560 81310 18288
564 79210 18321
572 48636 18307
576 56200 18347
580 30801 18331
584 27220 18380
588 21974 18483
596 47531 18421
600 48279 18462
608 48013 18427
612 47837 18469
620 24356 18471
624 24202 18521
632 0 18516
636 0 18570
640 81844 18558
644 82025 18584
648 79497 18613
656 46720 18577
660 43211 18620
668 47444 18624
672 47130 18660
680 0 18611
684 0 18686
692 22683 18685
696 90416 18712
704 54337 18650
708 54099 18731
716 87211 18658
720 83881 18688
728 50854 18649
732 51096 18688
740 98870 18606
744 99982 18683
752 49182 18624
756 47990 18662
764 101960 18572
768 72060 18654
776 0 18606
780 0 18707
788 43474 18637
792 41600 18710
800 37613 18646
804 92699 18673
808 73576 18645
812 73575 18672
816 69225 18703
820 93020 18630
824 87123 18722
828 82970 18738
836 72729 18670
840 71005 18725
848 112791 18624
852 112701 18639
860 0 18636
864 0 18685
872 99425 18603
876 98767 18621
884 79011 18615
888 79621 18630
896 114669 18536
900 107606 18548
908 47060 18506
912 50386 18540
920 71120 18542
924 70155 18566
932 63271 18497
936 62584 18546
944 68914 18463
948 68988 18479
952 33560 18479
956 43894 18517
960 28402 18557
968 107799 18529
972 101129 18547
980 63253 18457
984 38097 18492
992 2909 18454
996 1291 18569
1008 90297 18467
1016 42603 18405
1020 43574 18441
1032 22852 18399
1040 46476 18346
1044 44392 18452
1052 133315 18349
1056 97967 18353
1064 66188 18264
1068 67267 18295
1076 11148 18260
1080 9037 18381
1100 30977 18192
1104 46476 18224
1112 0 18182
1116 0 18301
1128 53566 18183
1136 17349 18117
1140 14201 18164
1148 78118 18096
1152 78312 18198
1160 72660 18113
1164 73580 18134
1172 81917 18076
1176 80228 18081
1184 20656 18011
1188 18549 18077
1196 29693 18018
1200 27541 18096
1212 64543 18007
1220 79169 17926
1224 77453 17955
1228 96510 17884
1232 76162 17957
1236 73572 17983
1244 65841 17880
1248 66010 17898
1256 19365 17915
1260 18846 17943
1268 81288 17862
1272 80985 17884
1280 41530 17897
1292 12910 17818
1296 14201 17851
1304 116801 17775
1308 107153 17787
1316 75132 17702
1320 75210 17788
1328 14201 17737
1332 46695 17765
1340 117668 17705
1344 91654 17717
1352 9037 17677
1356 7598 17763
1364 33566 17714
1368 32235 17745
1376 105893 17686
1388 15483 17639
1392 16783 17671
1400 41312 17626
1404 43885 17648
1408 124323 17585
1412 64541 17608
1416 73587 17683
1424 125227 17558
1428 90361 17576
1436 37439 17520
1440 36705 17601
1448 15483 17551
1452 74950 17552
1460 131421 17431
1464 0 17518
1468 80034 17463
1472 92944 17475
1476 74257 17554
1484 58089 17485
1488 56804 17509
1496 32275 17408
1500 33566 17476
1508 44937 17382
1512 43894 17408
1520 0 17426
1524 0 17458
1532 39825 17446
1536 40021 17466
1544 111309 17347
1548 50340 17358
1552 61537 17305
1556 23229 17384
1560 21947 17410
1572 0 17363
1580 0 17313
1584 0 17343
1596 105907 17255
1604 19365 17206
1608 18074 17231
1612 82615 17206
1616 92767 17223
1620 78751 17241
1628 14253 17234
1632 12910 17263
1640 55012 17204
1644 10328 17286
1652 95534 17187
1656 0 17219
1668 21154 17143
1676 3873 17099
1680 1291 17127
1688 24529 17110
1692 23238 17129
1700 0 17115
1704 0 17141
1712 65841 17056
1716 66947 17131
1724 25820 17064
1728 28402 17085
1740 60677 16907
1744 101757 16833
1748 46459 16904
1752 48897 16925
1760 28402 16836
1764 27111 16903
1768 0 16924
1772 0 17002
1776 0 17029
1788 50349 16859
1792 80176 16783
1796 76881 16871
1800 74870 16882
1808 54222 16795
1812 51640 16818
1816 139419 16766
1820 11619 16843
1824 9037 16866
1832 58095 16766
1836 58331 16813
1840 20647 16766
1844 16783 16831
1848 15492 16850
1856 147174 16749
1860 16783 16768
1868 41312 16706
1872 40021 16724
1876 146677 16673
1880 11619 16695
1884 12910 16759
1892 51640 16649
1896 52931 16665
1908 0 16517
1916 55513 16433
1920 60677 16519
1928 51640 16463
1932 51640 16465
1936 5164 16478
1940 5164 16524
1944 3873 16589
1956 0 16448
1968 2582 16375
1976 38730 16282
1980 37439 16313
1984 39108 16283
1988 7737 16318
1992 6455 16350
2000 82880 16233
2004 7746 16259
2012 100013 16159
2016 33566 16178
2024 36148 16081
2028 34857 16111
2032 117142 16039
2036 7737 16069
2040 6455 16104
2048 29693 15990
2052 29693 16020
2060 48017 15927
2064 1282 15953
2076 0 15853
2084 145883 15736
2088 16783 15760
2096 0 15706
2100 0 15737
2104 120009 15648
2108 14201 15674
2112 14201 15715
2120 8114 15662
2124 0 15693
2136 21947 15588
2144 33566 15475
2148 36148 15512
2156 9037 15456
2160 9037 15486
2168 86266 15354
2172 46476 15376
2180 0 15315
2184 0 15349
2192 132247 15207
2196 0 15240
2208 1291 15119
2216 34857 15001
2220 34857 15032
2228 32275 14954
2232 136 15009
2244 0 14911
2252 105095 14796
2256 25820 14852
2264 3864 14814
2268 6455 14868
2276 85549 14800
2280 0 14858
2292 0 14786
2300 107688 14657
2304 0 14704
2312 97824 14583
2316 21947 14627
2324 0 14577
2328 0 14647
2336 153262 14567
2340 0 14621
2352 0 14515
2360 50560 14401
2364 10319 14445
2372 126780 14344
2376 0 14397
2388 1291 14279
2396 66158 14178
2400 0 14232
