4 200000 63
8 200000 80
16 200000 26
20 200000 49
12 200000 148
24 200000 73
28 200000 24
32 200000 47
36 200000 71
40 200000 25
44 200000 47
48 200000 75
52 200000 24
56 200000 46
60 200000 71
64 200000 24
68 200000 46
72 200000 69
76 200000 56
80 200000 76
84 200000 98
88 200000 26
92 200000 45
96 200000 67
100 200000 25
104 200000 45
108 200000 69
112 200000 25
116 200000 47
120 200000 69
124 200000 24
128 200000 45
132 200000 68
136 200000 26
140 200000 48
144 200000 71
148 200000 33
152 200000 55
156 200000 77
160 200000 25
164 200000 45
168 200000 68
172 200000 25
176 200000 46
180 200000 67
184 200000 23
188 200000 46
192 200000 66
196 200000 25
200 200000 46
204 200000 69
208 200000 24
212 200000 45
216 200000 69
220 200000 50
224 200000 71
228 200000 92
232 200000 24
236 200000 46
240 200000 66
244 200000 23
248 200000 45
252 200000 67
256 200000 27
260 200000 48
264 200000 68
268 200000 24
272 200000 46
276 200000 69
280 200000 27
284 200000 48
288 200000 69
292 200000 52
296 200000 73
300 200000 93
304 200000 24
308 200000 46
312 200000 68
316 200000 23
320 200000 45
324 200000 67
328 200000 25
332 200000 47
336 200000 68
340 200000 24
344 200000 45
348 200000 67
352 200000 25
356 200000 47
360 200000 69
364 200000 54
368 200000 73
372 200000 97
376 200000 23
380 200000 48
384 200000 72
388 200000 23
392 200000 45
396 200000 67
400 200000 26
404 200000 48
408 200000 69
412 200000 24
416 200000 48
420 200000 67
424 200000 24
428 200000 45
432 200000 68
436 200000 57
440 200000 78
448 200000 25
452 200000 46
444 200000 145
456 200000 69
460 200000 24
464 200000 45
468 200000 67
472 200000 24
476 200000 46
480 200000 67
484 200000 23
488 200000 45
492 200000 66
496 200000 25
500 200000 49
504 200000 68
508 200000 57
512 200000 77
520 200000 28
516 200000 145
524 200000 50
528 200000 71
532 200000 24
536 200000 45
540 200000 69
544 200000 25
548 200000 47
552 200000 68
556 200000 25
560 200000 46
564 200000 68
568 200000 24
572 200000 47
576 200000 67
580 200000 25
584 200000 54
588 200000 78
592 200000 25
596 200000 48
600 200000 70
604 200000 24
608 200000 46
612 200000 67
616 200000 24
620 200000 45
624 200000 68
628 200000 24
632 200000 46
636 200000 68
640 200000 25
644 200000 46
648 200000 69
652 200000 27
656 200000 48
660 200000 72
664 200000 25
668 200000 48
672 200000 69
676 200000 26
680 200000 47
684 200000 68
688 200000 25
692 200000 49
696 200000 67
700 200000 50
704 200000 71
708 200000 90
712 200000 23
716 200000 46
720 200000 72
724 200000 26
728 200000 47
732 200000 69
736 200000 25
740 200000 51
744 200000 68
748 200000 26
752 200000 47
756 200000 67
760 200000 25
764 200000 49
768 200000 69
772 200000 25
776 200000 47
780 200000 68
784 200000 25
788 200000 48
792 200000 69
796 200000 24
800 200000 46
804 200000 68
808 200000 26
812 200000 47
816 200000 69
820 200000 24
824 200000 45
828 200000 66
832 200000 25
836 200000 46
840 200000 77
844 200000 23
848 200000 45
852 200000 66
856 200000 25
860 200000 48
864 200000 68
868 200000 27
872 200000 47
876 200000 70
880 200000 26
884 200000 47
888 200000 69
892 200000 25
896 200000 46
900 200000 68
904 200000 25
908 200000 46
912 200000 71
916 200000 26
920 200000 47
924 200000 67
928 200000 23
932 200000 45
936 200000 68
940 200000 28
944 200000 48
948 200000 70
952 200000 51
956 200000 72
960 200000 92
964 200000 29
968 200000 50
972 200000 71
976 200000 25
980 200000 60
984 200000 80
988 200000 40
992 200000 63
996 200000 84
1000 200000 27
1004 200000 49
1008 200000 70
1012 200000 42
1016 200000 69
1020 200000 93
1024 200000 31
1028 200000 51
1032 200000 80
1036 200000 46
1040 200000 75
1044 200000 96
1048 200000 24
1052 200000 49
1056 200000 76
1060 200000 25
1064 200000 53
1068 200000 77
1072 200000 25
1076 200000 47
1080 200000 69
1084 200000 23
1088 200000 49
1092 200000 71
1096 200000 34
1100 200000 54
1104 200000 76
1108 200000 25
1112 200000 45
1116 200000 67
1120 200000 49
1124 200000 73
1128 200000 94
1132 200000 27
1136 200000 45
1140 200000 68
1144 200000 24
1148 200000 46
1152 200000 68
1156 200000 25
1160 200000 53
1164 200000 75
1168 200000 25
1172 200000 45
1176 200000 67
1180 200000 25
1184 200000 47
1188 200000 68
1192 200000 25
1196 200000 45
1200 200000 67
1204 200000 24
1208 200000 50
1212 200000 83
1216 200000 25
1220 200000 45
1224 200000 67
1228 200000 24
1232 200000 47
1236 200000 68
1240 200000 26
1244 200000 50
1248 200000 70
1252 200000 23
1256 200000 45
1260 200000 70
1264 200000 25
1268 200000 45
1272 200000 66
1276 200000 31
1280 200000 51
1284 200000 74
1288 200000 25
1292 200000 47
1296 200000 70
1300 200000 24
1304 200000 46
1308 200000 69
1312 200000 25
1316 200000 45
1320 200000 69
1324 200000 26
1328 200000 47
1332 200000 73
1336 200000 28
1340 200000 48
1344 200000 71
1348 200000 26
1352 200000 47
1356 200000 68
1360 200000 25
1364 200000 45
1368 200000 67
1372 200000 25
1376 200000 48
1380 200000 70
1384 200000 24
1388 200000 46
1392 200000 67
1396 200000 28
1400 200000 51
1404 200000 74
1408 200000 26
1412 200000 50
1416 200000 73
1420 200000 30
1424 200000 49
1428 200000 75
1432 200000 24
1436 200000 67
1440 200000 100
1444 200000 24
1448 200000 46
1452 200000 70
1456 200000 24
1460 200000 46
1464 200000 67
1468 200000 23
1472 200000 45
1476 200000 73
1480 200000 24
1484 200000 53
1488 200000 77
1492 200000 23
1496 200000 45
1500 200000 69
1504 200000 23
1508 200000 45
1512 200000 68
1516 200000 25
1520 200000 49
1524 200000 70
1528 200000 47
1532 200000 70
1536 200000 94
1540 200000 25
1544 200000 47
1548 200000 71
1552 200000 26
1556 200000 53
1560 200000 81
1564 200000 23
1568 200000 47
1572 200000 68
1576 200000 25
1580 200000 52
1584 200000 81
1588 200000 30
1592 200000 52
1596 200000 82
1600 200000 23
1604 200000 48
1608 200000 69
1612 200000 25
1616 200000 54
1620 200000 77
1624 200000 25
1628 200000 46
1632 200000 70
1636 200000 29
1640 200000 54
1644 200000 77
1648 200000 24
1652 200000 48
1656 200000 79
1660 200000 23
1664 200000 45
1668 200000 67
1672 200000 24
1676 200000 46
1680 200000 68
1684 200000 23
1688 200000 50
1692 200000 73
1696 200000 27
1700 200000 48
1704 200000 70
1708 200000 23
1712 200000 51
1716 200000 76
1720 200000 28
1724 200000 55
1728 200000 87
1732 200000 45
1736 200000 71
1740 200000 94
1744 200000 27
1748 200000 50
1752 200000 78
1756 200000 26
1760 200000 51
1764 200000 99
1768 200000 23
1772 200000 46
1776 200000 67
1780 200000 25
1784 200000 46
1788 200000 73
1792 200000 26
1796 200000 51
1800 200000 71
1804 200000 34
1808 200000 59
1812 200000 80
1816 200000 24
1820 200000 47
1824 200000 68
1828 200000 23
1832 200000 45
1836 200000 65
1840 200000 24
1844 200000 45
1848 200000 67
1852 200000 24
1856 200000 47
1860 200000 68
1864 200000 23
1868 200000 45
1872 200000 67
1876 200000 23
1880 200000 46
1884 200000 72
1888 200000 24
1892 200000 49
1896 200000 70
1900 200000 23
1904 200000 51
1908 200000 77
1912 200000 28
1916 200000 50
1920 200000 75
1924 200000 23
1928 200000 44
1932 200000 73
1936 200000 23
1940 200000 45
1944 200000 69
1948 200000 23
1952 200000 53
1956 200000 82
1960 200000 23
1964 200000 49
1968 200000 70
1972 200000 25
1976 200000 48
1980 200000 74
1984 200000 24
1988 200000 50
1992 200000 70
1996 200000 25
2000 200000 50
2004 200000 74
2008 200000 23
2012 200000 52
2016 200000 99
2020 200000 26
2024 200000 53
2028 200000 75
2032 200000 23
2036 200000 44
2040 200000 67
2044 200000 24
2048 200000 50
2052 200000 74
2056 200000 27
2060 200000 54
2064 200000 76
2068 200000 24
2072 200000 50
2076 200000 77
2080 200000 24
2084 200000 47
2088 200000 72
2092 200000 24
2096 200000 46
2100 200000 71
2104 200000 48
2108 200000 72
2116 200000 25
2120 200000 52
2112 200000 150
2124 200000 78
2128 200000 25
2132 200000 49
2136 200000 85
2140 200000 33
2144 200000 52
2148 200000 73
2152 200000 24
2156 200000 45
2160 200000 75
2164 200000 23
2168 200000 53
2172 200000 76
2176 200000 22
2180 200000 45
2184 200000 72
2188 200000 25
2192 200000 48
2196 200000 76
2200 200000 36
2204 200000 60
2208 200000 86
2212 200000 24
2216 200000 50
2220 200000 75
2224 200000 27
2228 200000 49
2232 200000 71
2236 200000 28
2240 200000 60
2244 200000 87
2248 200000 25
2252 200000 66
2256 200000 91
2260 200000 24
2264 200000 51
2268 200000 85
2272 200000 28
2276 200000 54
2280 200000 76
2284 200000 23
2288 200000 66
2292 200000 89
2296 200000 24
2300 200000 46
2304 200000 69
2308 200000 23
2312 200000 50
2316 200000 70
2320 200000 33
2324 200000 53
2328 200000 76
2332 200000 22
2336 200000 44
2340 200000 66
2344 200000 23
2348 200000 67
2352 200000 91
2356 200000 23
2360 200000 63
2364 200000 87
2368 200000 22
2372 200000 49
2376 200000 69
2380 200000 27
2384 200000 51
2388 200000 72
2392 200000 22
2396 200000 46
2400 200000 74
