4 200000 83
16 200000 58
8 200000 188
28 200000 63
40 200000 72
20 177591 276
52 200000 60
32 87605 286
64 200000 59
44 60969 296
76 200000 61
88 200000 59
56 857 368
100 200000 58
68 0 382
112 200000 60
80 0 393
124 200000 59
136 200000 60
92 0 462
148 200000 59
104 0 473
160 200000 60
116 0 485
172 200000 60
128 0 499
184 200000 59
196 200000 61
140 0 568
208 200000 60
152 0 582
220 200000 61
164 0 592
232 200000 60
244 200000 59
176 0 660
256 200000 76
188 0 696
268 200000 62
280 200000 62
200 0 768
292 200000 61
212 0 785
304 200000 60
224 0 797
316 200000 69
328 200000 60
236 0 886
340 200000 66
248 0 902
352 200000 60
364 200000 61
260 0 970
376 200000 60
272 0 976
388 200000 61
284 0 994
400 200000 64
412 200000 64
296 0 1075
424 200000 64
308 0 1090
436 200000 61
320 0 1102
448 200000 60
460 200000 65
332 0 1174
472 200000 60
344 0 1186
484 200000 65
356 0 1202
496 200000 60
508 200000 60
368 0 1270
520 200000 59
380 0 1282
532 200000 60
392 0 1293
544 200000 60
556 200000 61
404 0 1361
568 200000 60
416 0 1374
580 200000 63
428 0 1389
592 200000 61
440 0 1401
604 200000 60
616 200000 60
452 0 1470
628 200000 59
464 0 1482
640 200000 61
476 0 1492
652 200000 62
664 200000 60
488 0 1563
676 200000 60
500 0 1574
688 200000 59
512 0 1587
700 200000 61
524 0 1601
712 200000 58
724 200000 60
536 0 1667
736 200000 62
548 0 1682
748 200000 59
560 0 1693
760 200000 60
772 200000 59
572 0 1761
784 200000 59
584 0 1772
796 200000 60
596 0 1782
808 200000 59
608 0 1792
820 200000 67
832 200000 59
620 0 1869
844 200000 61
632 0 1878
856 200000 58
644 0 1889
868 200000 60
656 0 1901
880 200000 59
892 200000 59
668 0 1967
904 200000 63
680 0 1982
916 200000 59
692 0 1992
928 200000 58
704 0 2002
940 200000 58
952 200000 65
716 0 2075
964 200000 62
728 0 2089
976 200000 58
740 0 2100
988 200000 59
1000 200000 59
752 0 2166
1012 200000 58
764 0 2175
1024 200000 59
776 0 2188
1036 200000 57
788 0 2199
1048 200000 58
1060 200000 58
800 0 2262
1072 200000 59
812 0 2273
1084 200000 58
824 0 2283
1096 200000 60
836 0 2294
1108 200000 57
1120 200000 60
848 0 2360
1132 200000 60
860 0 2370
1144 200000 59
872 0 2382
1156 200000 58
884 0 2392
1168 200000 58
1180 200000 59
896 0 2460
1192 200000 57
908 0 2466
1204 200000 57
920 0 2482
1216 200000 58
932 0 2490
1228 200000 59
944 0 2500
1240 200000 57
1252 200000 57
956 0 2575
1264 200000 57
968 0 2586
1276 200000 57
980 0 2594
1288 200000 59
1300 200000 60
992 0 2661
1312 200000 57
1004 0 2671
1324 200000 57
1016 0 2681
1336 200000 57
1028 0 2691
1348 200000 57
1360 200000 57
1040 0 2757
1372 200000 58
1052 0 2764
1384 200000 57
1064 0 2773
1396 200000 57
1076 0 2784
1408 200000 57
1088 0 2792
1420 200000 57
1432 200000 58
1100 0 2857
1444 200000 58
1112 0 2867
1456 200000 56
1124 0 2875
1468 200000 57
1136 0 2886
1480 200000 57
1148 0 2895
1492 200000 57
1504 200000 58
1160 0 2959
1516 200000 58
1172 0 2971
1528 200000 61
1184 0 2984
1540 200000 57
1196 0 2992
1552 200000 58
1564 200000 57
1208 0 3056
1576 200000 57
1220 0 3066
1588 200000 56
1232 0 3074
1600 200000 57
1244 0 3085
1612 200000 57
1256 0 3092
1624 200000 57
1636 200000 56
1268 0 3157
1648 200000 57
1280 0 3168
1660 200000 56
1292 0 3175
1672 200000 56
1304 0 3185
1684 200000 61
1316 0 3194
1696 200000 64
1708 200000 56
1328 0 3265
1720 200000 55
1340 0 3275
1732 200000 56
1352 0 3284
1744 200000 56
1364 0 3293
1756 200000 56
1768 200000 56
1376 0 3357
1780 200000 55
1388 0 3364
1792 200000 55
1400 0 3373
1804 200000 55
1412 0 3383
1816 200000 56
1424 0 3398
1828 200000 55
1840 200000 59
1436 0 3465
1852 200000 56
1448 0 3474
1864 200000 60
1460 0 3484
1876 200000 57
1472 0 3490
1888 200000 59
1484 0 3501
1900 200000 56
1912 200000 57
1496 0 3566
1924 200000 56
1508 0 3580
1936 200000 56
1520 0 3585
1948 200000 56
1532 0 3596
1960 200000 69
1972 200000 58
1544 0 3673
1984 200000 57
1556 0 3683
1996 200000 64
1568 0 3701
2008 200000 59
2020 200000 58
1580 0 3770
2032 200000 65
1592 0 3789
2044 200000 62
1604 0 3863
2056 200000 62
2068 200000 59
1616 0 3878
2080 200000 63
1628 0 3895
2092 200000 68
2104 200000 59
1640 0 3969
2116 200000 60
1652 0 3986
2128 200000 65
2140 200000 64
1664 0 4075
2152 200000 63
1676 0 4095
2164 200000 63
2176 200000 67
1688 0 4185
2188 200000 65
2200 200000 64
1700 0 4276
2212 200000 62
1712 0 4298
2224 200000 65
2236 200000 74
1724 0 4387
2248 200000 64
2260 200000 64
1736 0 4476
2272 200000 67
1748 0 4503
2284 200000 69
2296 200000 61
1760 0 4590
2308 200000 66
2320 200000 66
1772 0 4684
2332 200000 69
1784 0 4710
2344 200000 65
2356 200000 68
2368 200000 78
1796 0 4878
2380 200000 66
1808 0 4904
2392 200000 68
1820 0 4933
1832 0 4897
1844 0 4863
1856 0 4823
1868 0 4784
1880 0 4743
1892 0 4709
1904 0 4668
1916 0 4634
1928 0 4594
1940 0 4564
1952 0 4526
1964 0 4488
1976 0 4453
1988 0 4416
2000 0 4378
2012 0 4338
2024 0 4303
2036 0 4266
2048 0 4229
2060 0 4188
2072 0 4157
2084 0 4112
2096 0 4082
2108 0 4049
2120 0 3994
2132 0 3958
2144 0 3918
2156 0 3874
2168 0 3835
2180 0 3790
2192 0 3755
2204 0 3715
2216 0 3669
2228 0 3633
2240 0 3601
2252 0 3554
2264 0 3516
2276 0 3491
2288 0 3421
2300 0 3390
2312 0 3341
2324 0 3297
2336 0 3251
2348 0 3198
2360 0 3166
2372 0 3127
2384 0 3072
2396 0 3028
12 0 22997
24 0 22955
36 0 22909
48 0 22859
60 0 22818
72 0 22775
84 0 22727
96 0 22681
108 0 22636
120 0 22590
132 0 22544
144 0 22499
156 0 22454
168 0 22407
180 0 22362
192 0 22316
204 0 22271
216 0 22225
228 0 22181
240 0 22134
252 0 22089
264 0 22043
276 0 21994
288 0 21952
300 0 21907
312 0 21865
324 0 21820
336 0 21774
348 0 21728
360 0 21684
372 0 21638
384 0 21593
396 0 21547
408 0 21503
420 0 21455
432 0 21411
444 0 21367
456 0 21321
468 0 21276
480 0 21231
492 0 21185
504 0 21140
516 0 21097
528 0 21050
540 0 21006
552 0 20959
564 0 20918
576 0 20870
588 0 20824
600 0 20779
612 0 20735
624 0 20689
636 0 20647
648 0 20602
660 0 20557
672 0 20512
684 0 20470
696 0 20423
708 0 20379
720 0 20335
732 0 20292
744 0 20249
756 0 20204
768 0 20161
780 0 20116
792 0 20068
804 0 20024
816 0 19980
828 0 19935
840 0 19889
852 0 19848
864 0 19800
876 0 19758
888 0 19712
900 0 19665
912 0 19621
924 0 19576
936 0 19531
948 0 19486
960 0 19444
972 0 19401
984 0 19355
996 0 19311
1008 0 19266
1020 0 19223
1032 0 19177
1044 0 19135
1056 0 19090
1068 0 19055
1080 0 19014
1092 0 18967
1104 0 18924
1116 0 18880
1128 0 18835
1140 0 18791
1152 0 18746
1164 0 18702
1176 0 18657
1188 0 18613
1200 0 18568
1212 0 18524
1224 0 18481
1236 0 18435
1248 0 18391
1260 0 18352
1272 0 18309
1284 0 18268
1296 0 18223
1308 0 18180
1320 0 18135
1332 0 18090
1344 0 18049
1356 0 18003
1368 0 17958
1380 0 17913
1392 0 17871
1404 0 17825
1416 0 17782
1428 0 17737
1440 0 17694
1452 0 17665
1464 0 17621
1476 0 17576
1488 0 17533
1500 0 17489
1512 0 17444
1524 0 17400
1536 0 17357
1548 0 17324
1560 0 17280
1572 0 17235
1584 0 17192
1596 0 17149
1608 0 17106
1620 0 17063
1632 0 17018
1644 0 16975
1656 0 16930
1668 0 16887
1680 0 16842
1692 0 16798
1704 0 16755
1716 0 16710
1728 0 16670
1740 0 16623
1752 0 16579
1764 0 16536
1776 0 16492
1788 0 16447
1800 0 16403
1812 0 16359
1824 0 16316
1836 0 16270
1848 0 16228
1860 0 16183
1872 0 16141
1884 0 16093
1896 0 16055
1908 0 16007
1920 0 15967
1932 0 15921
1944 0 15885
1956 0 15839
1968 0 15793
1980 0 15751
1992 0 15708
2004 0 15669
2016 0 15624
2028 0 15592
2040 0 15549
2052 0 15506
2064 0 15461
2076 0 15421
2088 0 15370
2100 0 15332
2112 0 15296
2124 0 15246
2136 0 15204
2148 0 15176
2160 0 15124
2172 0 15098
2184 0 15051
2196 0 15013
2208 0 14972
2220 0 14921
2232 0 14879
2244 0 14843
2256 0 14798
2268 0 14758
2280 0 14717
2292 0 14662
2304 0 14632
2316 0 14582
2328 0 14540
2340 0 14493
2352 0 14488
2364 0 14466
2376 0 14428
2388 0 14374
2400 0 14324
