4 200000 123
16 200000 138
28 200000 151
40 200000 167
52 200000 182
64 200000 194
76 185957 207
88 164119 220
100 141257 234
112 115720 248
124 86402 271
136 54807 282
148 32520 295
160 7926 317
172 0 332
184 0 342
196 0 356
208 0 372
220 0 385
232 0 401
244 0 416
256 0 427
268 0 440
280 0 454
292 0 467
304 0 482
316 0 493
328 0 506
340 0 519
352 0 535
364 0 547
376 0 562
388 0 574
400 0 588
412 0 600
424 0 612
436 0 626
448 0 639
460 0 652
472 0 664
484 0 681
496 0 697
508 0 710
520 0 721
532 0 735
544 0 746
556 0 759
568 0 773
580 0 787
592 0 801
604 0 813
616 0 827
628 0 840
640 0 855
652 0 867
664 0 881
676 0 894
688 0 909
700 0 922
712 0 936
724 0 949
736 0 963
748 0 975
760 0 988
772 0 1002
784 0 1015
796 0 1028
808 0 1041
820 0 1055
832 0 1069
844 0 1082
856 0 1094
868 0 1109
880 0 1123
892 0 1135
904 0 1147
916 0 1160
928 0 1173
940 0 1187
952 0 1201
964 0 1220
976 0 1234
988 0 1246
1000 0 1260
1012 0 1272
1024 0 1285
1036 0 1299
1048 0 1311
1060 0 1323
1072 0 1336
1084 0 1349
1096 0 1362
1108 0 1374
1120 0 1386
1132 0 1399
1144 0 1414
1156 0 1424
1168 0 1437
1180 0 1450
1192 0 1461
1204 0 1477
1216 0 1486
1228 0 1499
1240 0 1512
1252 0 1524
1264 0 1536
1276 0 1553
1288 0 1565
1300 0 1577
1312 0 1589
1324 0 1603
1336 0 1615
1348 0 1628
1360 0 1640
1372 0 1654
1384 0 1664
1396 0 1677
1408 0 1689
1420 0 1700
1432 0 1712
1444 0 1725
1456 0 1738
1468 0 1751
1480 0 1760
1492 0 1774
1504 0 1786
1516 0 1798
1528 0 1808
1540 0 1820
1552 0 1833
1564 0 1844
1576 0 1855
1588 0 1866
1600 0 1877
1612 0 1890
1624 0 1901
1636 0 1917
1648 0 1928
1660 0 1939
1672 0 1950
1684 0 1961
1696 0 1972
1708 0 1987
1720 0 1994
1732 0 2008
1744 0 2017
1756 0 2029
1768 0 2040
1780 0 2051
1792 0 2062
1804 0 2074
1816 0 2085
1828 0 2099
1840 0 2108
1852 0 2119
1864 0 2136
1876 0 2147
1888 0 2158
1900 0 2168
1912 0 2181
1924 0 2193
1936 0 2200
1948 0 2210
1960 0 2221
1972 0 2231
1984 0 2243
1996 0 2253
2008 0 2265
2020 0 2274
2032 0 2286
2044 0 2299
2056 0 2308
2068 0 2318
2080 0 2328
2092 0 2338
2104 0 2352
2116 0 2360
2128 0 2373
2140 0 2381
2152 0 2392
2164 0 2404
2176 0 2410
2188 0 2419
2200 0 2430
2212 0 2440
2224 0 2448
2236 0 2458
2248 0 2469
2260 0 2478
2272 0 2490
2284 0 2501
2296 0 2509
2308 0 2521
2320 0 2530
2332 0 2546
2344 0 2557
2356 0 2566
2368 0 2581
2380 0 2587
2392 0 2599
8 0 22607
20 0 22619
32 0 22628
44 0 22639
56 0 22649
68 0 22660
80 0 22670
92 0 22680
104 0 22691
116 0 22702
128 0 22712
140 0 22723
152 0 22738
164 0 22750
176 0 22761
188 0 22771
200 0 22783
212 0 22794
224 0 22804
236 0 22815
248 0 22826
260 0 22837
272 0 22847
284 0 22858
296 0 22869
308 0 22881
320 0 22892
332 0 22903
344 0 22914
356 0 22925
368 0 22936
380 0 22951
392 0 22964
404 0 22972
416 0 22983
428 0 22995
440 0 23007
452 0 23017
464 0 23029
476 0 23040
488 0 23050
500 0 23061
512 0 23072
524 0 23083
536 0 23094
548 0 23106
560 0 23116
572 0 23129
584 0 23137
596 0 23152
608 0 23163
620 0 23174
632 0 23185
644 0 23197
656 0 23209
668 0 23218
680 0 23229
692 0 23238
704 0 23250
716 0 23262
728 0 23274
740 0 23284
752 0 23295
764 0 23306
776 0 23317
788 0 23329
800 0 23341
812 0 23351
824 0 23365
836 0 23377
848 0 23388
860 0 23399
872 0 23411
884 0 23425
896 0 23434
908 0 23445
920 0 23456
932 0 23470
944 0 23479
956 0 23490
968 0 23502
980 0 23513
992 0 23524
1004 0 23536
1016 0 23548
1028 0 23560
1040 0 23572
1052 0 23588
1064 0 23597
1076 0 23613
1088 0 23621
1100 0 23634
1112 0 23648
1124 0 23657
1136 0 23669
1148 0 23707
1160 0 23718
1172 0 23731
1184 0 23742
1196 0 23754
1208 0 23765
1220 0 23778
1232 0 23791
1244 0 23902
1256 0 23935
1268 0 23948
1280 0 23963
1292 0 23974
1304 0 23985
1316 0 23998
1328 0 24010
1340 0 24025
1352 0 24035
1364 0 24048
1376 0 24060
1388 0 24071
1400 0 24084
1412 0 24097
1424 0 24109
1436 0 24122
1448 0 24134
1460 0 24148
1472 0 24159
1484 0 24171
1496 0 24190
1508 0 24199
1520 0 24212
1532 0 24223
1544 0 24240
1556 0 24251
1568 0 24264
1580 0 24275
1592 0 24288
1604 0 24301
1616 0 24314
1628 0 24326
1640 0 24338
1652 0 24349
1664 0 24363
1676 0 24374
1688 0 24388
1700 0 24399
1712 0 24412
1724 0 24428
1736 0 24439
1748 0 24451
1760 0 24465
1772 0 24479
1784 0 24489
1796 0 24503
1808 0 24515
1820 0 24528
1832 0 24542
1844 0 24553
1856 0 24565
1868 0 24578
1880 0 24590
1892 0 24604
1904 0 24622
1916 0 24635
1928 0 24649
1940 0 24660
1952 0 24674
1964 0 24687
1976 0 24703
1988 0 24714
2000 0 24729
2012 0 24740
2024 0 24754
2036 0 24767
2048 0 24780
2060 0 24792
2072 0 24805
2084 0 24822
2096 0 24836
2108 0 24851
2120 0 24861
2132 0 24876
2144 0 24889
2156 0 24906
2168 0 24917
2180 0 24930
2192 0 24949
2204 0 24960
2216 0 24976
2228 0 24987
2240 0 24999
2252 0 25012
2264 0 25025
2276 0 25039
2288 0 25052
2300 0 25067
2312 0 25080
2324 0 25094
2336 0 25105
2348 0 25119
2360 0 25132
2372 0 25145
2384 0 25159
2396 0 25173
12 0 45182
24 0 45201
36 0 45216
48 0 45228
60 0 45241
72 0 45258
84 0 45272
96 0 45287
108 0 45301
120 0 45314
132 0 45328
144 0 45341
156 0 45355
168 0 45367
180 0 45382
192 0 45394
204 0 45409
216 0 45422
228 0 45435
240 0 45449
252 0 45464
264 0 45480
276 0 45491
288 0 45504
300 0 45518
312 0 45531
324 0 45543
336 0 45557
348 0 45572
360 0 45584
372 0 45600
384 0 45614
396 0 45627
408 0 45643
420 0 45655
432 0 45669
444 0 45683
456 0 45696
468 0 45708
480 0 45722
492 0 45737
504 0 45748
516 0 45764
528 0 45778
540 0 45791
552 0 45806
564 0 45817
576 0 45832
588 0 45845
600 0 45857
612 0 45871
624 0 45884
636 0 45896
648 0 45911
660 0 45924
672 0 45937
684 0 45951
696 0 45964
708 0 45978
720 0 45992
732 0 46007
744 0 46018
756 0 46032
768 0 46049
780 0 46061
792 0 46075
804 0 46089
816 0 46103
828 0 46118
840 0 46139
852 0 46154
864 0 46165
876 0 46181
888 0 46194
900 0 46208
912 0 46220
924 0 46234
936 0 46248
948 0 46261
960 0 46274
972 0 46290
984 0 46305
996 0 46316
1008 0 46330
1020 0 46342
1032 0 46361
1044 0 46373
1056 0 46386
1068 0 46399
1080 0 46413
1092 0 46427
1104 0 46440
1116 0 46454
1128 0 46469
1140 0 46481
1152 0 46494
1164 0 46508
1176 0 46522
1188 0 46534
1200 0 46549
1212 0 46561
1224 0 46576
1236 0 46593
1248 0 46612
1260 0 46624
1272 0 46637
1284 0 46651
1296 0 46665
1308 0 46681
1320 0 46695
1332 0 46709
1344 0 46721
1356 0 46736
1368 0 46750
1380 0 46771
1392 0 46783
1404 0 46798
1416 0 46814
1428 0 46828
1440 0 46842
1452 0 46853
1464 0 46866
1476 0 46882
1488 0 46894
1500 0 46908
1512 0 46920
1524 0 46935
1536 0 46948
1548 0 46961
1560 0 46975
1572 0 46988
1584 0 47006
1596 0 47018
1608 0 47031
1620 0 47047
1632 0 47061
1644 0 47072
1656 0 47087
1668 0 47100
1680 0 47114
1692 0 47127
1704 0 47139
1716 0 47154
1728 0 47168
1740 0 47182
1752 0 47194
1764 0 47209
1776 0 47224
1788 0 47236
1800 0 47249
1812 0 47267
1824 0 47281
1836 0 47292
1848 0 47304
1860 0 47318
1872 0 47336
1884 0 47349
1896 0 47365
1908 0 47386
1920 0 47398
1932 0 47410
1944 0 47424
1956 0 47437
1968 0 47450
1980 0 47478
1992 0 47495
2004 0 47507
2016 0 47522
2028 0 47534
2040 0 47549
2052 0 47561
2064 0 47575
2076 0 47588
2088 0 47602
2100 0 47614
2112 0 47635
2124 0 47648
2136 0 47664
2148 0 47676
2160 0 47690
2172 0 47704
2184 0 47721
2196 0 47737
2208 0 47748
2220 0 47763
2232 0 47775
2244 0 47788
2256 0 47802
2268 0 47813
2280 0 47829
2292 0 47842
2304 0 47856
2316 0 47870
2328 0 47883
2340 0 47903
2352 0 47917
2364 0 47933
2376 0 47948
2388 0 47960
2400 0 47978
