4 200000 69
8 200000 91
16 200000 43
20 200000 76
28 200000 39
32 200000 71
12 186222 270
40 200000 34
44 200000 69
24 173845 272
52 200000 40
56 200000 81
36 164878 286
64 200000 36
68 200000 70
48 97227 285
76 200000 34
80 200000 66
60 113673 281
88 200000 33
92 200000 67
72 127965 278
100 200000 33
104 200000 68
84 142446 273
112 200000 36
116 200000 67
96 145686 272
124 200000 29
128 200000 57
108 145988 263
120 200000 193
136 200000 35
140 200000 69
132 200000 192
148 200000 38
152 200000 69
144 200000 189
160 200000 37
164 200000 68
156 200000 186
172 200000 35
176 200000 66
168 200000 189
184 200000 35
188 200000 63
180 200000 185
196 200000 40
200 200000 76
192 200000 188
208 200000 34
212 200000 65
204 200000 184
220 200000 33
224 200000 69
216 200000 190
232 200000 39
236 200000 70
228 200000 198
244 200000 34
248 200000 67
240 183205 202
256 200000 32
260 200000 66
252 200000 197
268 200000 34
272 200000 67
264 200000 196
280 200000 29
284 200000 56
276 200000 181
292 200000 33
296 200000 65
288 200000 177
304 200000 30
308 200000 63
300 200000 168
312 200000 96
316 200000 35
320 200000 66
324 200000 97
328 200000 34
332 200000 66
336 200000 91
340 200000 31
344 200000 60
348 200000 93
352 200000 36
356 200000 72
364 200000 32
368 200000 64
360 200000 163
372 200000 99
376 200000 36
380 200000 67
388 200000 40
384 200000 171
392 200000 73
400 200000 34
404 200000 66
396 200000 168
412 200000 33
416 200000 69
408 200000 168
424 200000 39
428 200000 74
420 200000 175
436 200000 34
440 200000 65
432 200000 174
448 200000 35
452 200000 64
444 200000 170
460 200000 36
464 200000 71
456 200000 171
472 200000 48
476 200000 77
468 200000 184
484 200000 33
488 200000 65
480 200000 172
496 200000 29
500 200000 61
492 200000 163
504 200000 92
508 200000 31
512 200000 69
516 200000 102
520 200000 36
524 200000 69
528 200000 99
532 200000 30
536 200000 61
540 200000 94
544 200000 47
548 200000 84
556 200000 40
560 200000 80
552 200000 188
568 200000 32
572 200000 62
564 200000 183
580 200000 33
584 200000 67
576 200000 181
592 200000 34
596 200000 75
588 200000 187
604 200000 45
608 200000 78
616 200000 29
620 200000 57
600 192133 257
612 200000 182
628 200000 40
632 200000 67
624 200000 182
640 200000 35
644 200000 66
636 200000 179
652 200000 41
656 200000 69
648 200000 183
664 200000 32
668 200000 61
660 200000 171
672 200000 98
676 200000 28
680 200000 58
684 200000 83
688 200000 29
692 200000 64
696 200000 91
700 200000 28
704 200000 60
708 200000 88
712 200000 35
716 200000 64
720 200000 98
724 200000 30
728 200000 58
732 200000 85
736 200000 29
740 200000 56
744 200000 83
748 200000 29
752 200000 55
756 200000 84
760 200000 29
764 200000 56
768 200000 86
772 200000 30
776 200000 58
780 200000 85
784 200000 40
788 200000 66
792 200000 93
796 200000 32
800 200000 61
804 200000 92
808 200000 34
812 200000 63
816 200000 92
820 200000 37
824 200000 65
828 200000 101
832 200000 32
836 200000 62
840 200000 93
844 200000 29
848 200000 56
852 200000 83
856 200000 29
860 200000 56
864 200000 83
868 200000 29
872 200000 56
876 200000 83
880 200000 29
884 200000 63
888 200000 93
892 200000 32
896 200000 63
900 200000 93
904 200000 38
908 200000 69
912 200000 101
916 200000 34
920 200000 65
924 200000 94
928 200000 33
932 200000 60
936 200000 87
940 200000 29
944 200000 59
948 200000 87
952 200000 31
956 200000 58
960 200000 84
964 200000 33
968 200000 63
972 200000 93
976 200000 30
980 200000 57
984 200000 88
988 200000 30
992 200000 58
996 200000 90
1000 200000 33
1004 200000 69
1008 200000 102
1012 200000 36
1016 200000 68
1020 200000 99
1024 200000 29
1028 200000 56
1032 200000 83
1036 200000 29
1040 200000 56
1044 200000 84
1048 200000 31
1052 200000 69
1056 200000 98
1060 200000 31
1064 200000 59
1068 200000 90
1072 200000 33
1076 200000 67
1080 200000 92
1084 200000 30
1088 200000 61
1092 200000 87
1096 200000 31
1100 200000 60
1104 200000 90
1108 200000 33
1112 200000 68
1116 200000 96
1120 200000 38
1124 200000 70
1128 200000 96
1132 200000 31
1136 200000 61
1140 200000 98
1144 200000 29
1148 200000 59
1152 200000 93
1156 200000 34
1160 200000 63
1164 200000 93
1168 200000 34
1172 200000 66
1176 200000 95
1180 200000 33
1184 200000 65
1188 200000 98
1192 200000 37
1196 200000 69
1204 200000 33
1208 200000 67
1200 200000 167
1212 200000 99
1216 200000 42
1220 200000 69
1224 200000 98
1228 200000 32
1232 200000 61
1236 200000 96
1240 200000 33
1244 200000 62
1248 200000 95
1252 200000 30
1256 200000 62
1260 200000 88
1264 200000 30
1268 200000 57
1272 200000 84
1276 200000 34
1280 200000 68
1284 200000 98
1288 200000 33
1292 200000 61
1296 200000 87
1300 200000 34
1304 200000 62
1308 200000 93
1312 200000 32
1316 200000 69
1320 200000 98
1324 200000 34
1328 200000 63
1332 200000 94
1336 200000 31
1340 200000 61
1344 200000 94
1348 200000 32
1352 200000 63
1356 200000 95
1360 200000 35
1364 200000 62
1368 200000 88
1372 200000 35
1376 200000 63
1380 200000 98
1384 200000 30
1388 200000 58
1392 200000 84
1396 200000 33
1400 200000 67
1404 200000 99
1408 200000 35
1412 200000 67
1416 200000 98
1420 200000 33
1424 200000 68
1428 200000 100
1432 200000 33
1436 200000 62
1440 200000 100
1444 200000 32
1448 200000 66
1452 200000 100
1456 200000 32
1460 200000 63
1464 200000 90
1468 200000 30
1472 200000 59
1476 200000 84
1480 200000 37
1484 200000 68
1488 200000 98
1492 200000 36
1496 200000 67
1500 200000 94
1504 200000 35
1508 200000 64
1512 200000 94
1516 200000 34
1520 200000 62
1524 200000 89
1528 200000 32
1532 200000 59
1536 200000 93
1540 200000 32
1544 200000 61
1548 200000 95
1552 200000 33
1556 200000 63
1560 200000 91
1564 200000 29
1568 200000 57
1572 200000 84
1576 200000 31
1580 200000 57
1584 200000 85
1588 200000 29
1592 200000 57
1596 200000 84
1600 200000 30
1604 200000 57
1608 200000 84
1612 200000 58
1616 200000 81
1624 200000 31
1628 200000 59
1620 200000 163
1632 200000 92
1636 200000 32
1640 200000 59
1644 200000 86
1648 200000 36
1652 200000 63
1656 200000 92
1660 200000 31
1664 200000 60
1668 200000 85
1672 200000 32
1676 200000 58
1680 200000 86
1684 200000 50
1688 200000 74
1692 200000 100
1696 200000 31
1700 200000 58
1704 200000 86
1708 200000 30
1712 200000 57
1716 200000 85
1720 200000 30
1724 200000 58
1728 200000 85
1732 200000 30
1736 200000 62
1740 200000 92
1744 200000 30
1748 200000 57
1752 200000 88
1756 200000 35
1760 200000 64
1764 200000 103
1768 200000 38
1772 200000 67
1780 200000 37
1784 200000 65
1776 200000 170
1788 200000 96
1792 200000 30
1796 200000 57
1800 200000 84
1804 200000 34
1808 200000 61
1812 200000 88
1816 200000 30
1820 200000 57
1824 200000 84
1828 200000 29
1832 200000 57
1836 200000 85
1840 200000 30
1844 200000 58
1848 200000 85
1852 200000 30
1856 200000 58
1860 200000 84
1864 200000 30
1868 200000 56
1872 200000 84
1876 200000 30
1880 200000 57
1884 200000 96
1888 200000 29
1892 200000 57
1896 200000 84
1900 200000 30
1904 200000 58
1908 200000 84
1912 200000 32
1916 200000 59
1920 200000 87
1924 200000 47
1928 200000 72
1932 200000 99
1936 200000 30
1940 200000 57
1944 200000 84
1948 200000 30
1952 200000 62
1956 200000 89
1960 200000 29
1964 200000 57
1968 200000 85
1972 200000 31
1976 200000 58
1980 200000 84
1984 200000 30
1988 200000 57
1992 200000 83
1996 200000 29
2000 200000 57
2004 200000 84
2008 200000 30
2012 200000 56
2016 200000 84
2020 200000 33
2024 200000 61
2028 200000 101
2032 200000 35
2036 200000 73
2044 200000 43
2048 200000 76
2040 200000 180
2056 200000 33
2060 200000 59
2052 200000 167
2064 200000 93
2068 200000 30
2072 200000 58
2076 200000 85
2080 200000 30
2084 200000 57
2088 200000 84
2092 200000 31
2096 200000 57
2100 200000 88
2104 200000 29
2108 200000 57
2112 200000 85
2116 200000 30
2120 200000 57
2124 200000 84
2128 200000 29
2132 200000 57
2136 200000 84
2140 200000 29
2144 200000 57
2148 200000 85
2152 200000 29
2156 200000 57
2160 200000 85
2164 200000 29
2168 200000 56
2172 200000 83
2176 200000 29
2180 200000 56
2184 200000 84
2188 200000 37
2192 200000 67
2196 200000 94
2200 200000 30
2204 200000 58
2208 200000 85
2212 200000 29
2216 200000 57
2220 200000 84
2224 200000 29
2228 200000 58
2232 200000 83
2236 200000 29
2240 200000 56
2244 200000 87
2248 200000 31
2252 200000 57
2256 200000 84
2260 200000 29
2264 200000 57
2268 200000 84
2272 200000 29
2276 200000 56
2280 200000 88
2284 200000 33
2288 200000 67
2292 200000 95
2296 200000 32
2300 200000 60
2304 200000 92
2308 200000 36
2312 200000 68
2316 200000 100
2320 200000 34
2324 200000 66
2328 200000 95
2332 200000 32
2336 200000 63
2340 200000 94
2344 200000 33
2348 200000 64
2352 200000 91
2356 200000 32
2360 200000 65
2364 200000 94
2368 200000 40
2372 200000 69
2380 200000 34
2376 200000 175
2384 200000 78
2392 200000 43
2396 200000 76
2388 200000 179
2400 200000 115
