4 200000 69
16 200000 40
8 200000 141
20 200000 78
28 200000 39
32 200000 77
12 131784 284
40 200000 41
44 200000 76
24 59165 301
52 200000 40
56 200000 79
64 200000 41
68 200000 77
36 0 391
76 200000 41
80 200000 79
88 200000 40
92 200000 86
48 0 491
100 200000 40
104 200000 78
112 200000 42
116 200000 81
60 0 583
124 200000 51
128 200000 87
136 200000 39
140 200000 76
72 0 683
148 200000 39
152 200000 79
160 200000 40
164 200000 79
84 0 781
172 200000 40
176 200000 78
184 200000 43
188 200000 77
96 0 880
196 200000 42
200 200000 77
108 0 892
208 200000 40
212 200000 77
220 200000 40
224 200000 78
120 0 991
232 200000 40
236 200000 81
244 200000 41
248 200000 82
132 0 1086
256 200000 40
260 200000 86
268 200000 39
272 200000 77
144 0 1184
280 200000 40
284 200000 85
292 200000 41
296 200000 81
156 0 1280
304 200000 39
308 200000 76
168 0 1295
316 200000 39
320 200000 81
328 200000 40
332 200000 76
180 0 1389
340 200000 40
344 200000 76
352 200000 41
356 200000 79
192 0 1479
364 200000 41
368 200000 81
204 0 1495
376 200000 45
380 200000 82
388 200000 40
392 200000 77
216 0 1592
400 200000 47
404 200000 91
412 200000 38
416 200000 76
228 0 1698
424 200000 39
428 200000 77
436 200000 47
440 200000 99
448 200000 41
452 200000 76
240 0 1881
460 200000 40
464 200000 76
252 0 1898
472 200000 40
476 200000 78
484 200000 42
488 200000 81
264 0 1990
496 200000 42
500 200000 86
508 200000 41
512 200000 78
276 0 2085
520 200000 39
524 200000 76
288 0 2099
532 200000 39
536 200000 76
544 200000 40
548 200000 77
300 0 2184
556 200000 48
560 200000 86
568 200000 40
572 200000 77
312 0 2278
580 200000 39
584 200000 76
324 0 2291
592 200000 39
596 200000 82
604 200000 40
608 200000 77
336 0 2385
616 200000 46
620 200000 83
628 200000 40
632 200000 95
348 0 2497
640 200000 48
644 200000 83
652 200000 40
656 200000 75
360 0 2590
664 200000 46
668 200000 82
676 200000 41
680 200000 76
372 0 2681
688 200000 39
692 200000 84
384 0 2697
700 200000 46
704 200000 84
712 200000 42
716 200000 79
396 0 2796
724 200000 39
728 200000 77
736 200000 43
740 200000 78
408 0 2889
748 200000 39
752 200000 76
420 0 2901
760 200000 38
764 200000 94
772 200000 38
776 200000 75
784 200000 38
788 200000 75
432 0 3082
796 200000 44
800 200000 81
444 0 3101
808 200000 39
812 200000 76
820 200000 39
824 200000 79
456 0 3190
832 200000 41
836 200000 77
468 0 3201
844 200000 40
848 200000 78
856 200000 39
860 200000 76
480 0 3285
868 200000 40
872 200000 77
492 0 3298
880 200000 39
884 200000 76
892 200000 50
896 200000 89
504 0 3394
904 200000 38
908 200000 74
916 200000 40
920 200000 78
516 0 3485
928 200000 43
932 200000 79
528 0 3499
940 200000 38
944 200000 75
952 200000 39
956 200000 75
540 0 3584
964 200000 40
968 200000 76
552 0 3596
976 200000 39
980 200000 76
988 200000 43
992 200000 81
564 0 3687
1000 200000 45
1004 200000 83
1012 200000 48
1016 200000 83
576 0 3789
1024 200000 39
1028 200000 78
588 0 3801
1036 200000 43
1040 200000 83
1048 200000 43
1052 200000 78
600 0 3898
1060 200000 40
1064 200000 75
1072 200000 39
1076 200000 76
612 0 3982
1084 200000 41
1088 200000 75
624 0 3990
1096 200000 39
1100 200000 76
1108 200000 38
1112 200000 75
636 0 4075
1120 200000 62
1124 200000 98
1132 200000 38
1136 200000 74
648 0 4183
1144 200000 39
1148 200000 75
660 0 4193
1156 200000 38
1160 200000 76
1168 200000 39
1172 200000 74
672 0 4276
1180 200000 42
1184 200000 80
684 0 4290
1192 200000 38
1196 200000 75
696 0 4303
1204 200000 72
1216 200000 38
1208 200000 144
1220 200000 81
1228 200000 41
1232 200000 74
708 0 4489
1240 200000 39
1244 200000 75
720 0 4500
1252 200000 38
1256 200000 75
1264 200000 39
1268 200000 73
732 0 4583
1276 200000 39
1280 200000 74
744 0 4591
1288 200000 39
1292 200000 75
1300 200000 38
1304 200000 74
756 0 4684
1312 200000 38
1316 200000 74
768 0 4692
1324 200000 38
1328 200000 74
1336 200000 39
1340 200000 75
780 0 4778
1348 200000 38
1352 200000 76
792 0 4795
1360 200000 39
1364 200000 76
1372 200000 38
1376 200000 74
804 0 4878
1384 200000 43
1388 200000 78
816 0 4896
1396 200000 39
1400 200000 75
1408 200000 41
1412 200000 75
828 0 4981
1420 200000 37
1424 200000 74
840 0 4993
1432 200000 37
1436 200000 73
1444 200000 42
1448 200000 77
852 0 5077
1456 200000 40
1460 200000 75
864 0 5089
1468 200000 38
1472 200000 75
876 0 5100
1480 200000 42
1484 200000 75
1492 200000 40
1496 200000 75
888 0 5183
1504 200000 38
1508 200000 73
900 0 5195
1516 200000 38
1520 200000 74
1528 200000 43
1532 200000 78
912 0 5283
1540 200000 38
1544 200000 81
924 0 5298
1552 200000 37
1556 200000 74
1564 200000 38
1568 200000 75
936 0 5378
1576 200000 39
1580 200000 74
948 0 5391
1588 200000 39
1592 200000 77
1600 200000 43
1604 200000 78
960 0 5485
1612 200000 37
1616 200000 83
1624 200000 38
1628 200000 78
972 0 5583
1636 200000 53
1640 200000 90
1648 200000 44
1652 200000 80
984 0 5701
1660 200000 40
1664 200000 79
1672 200000 38
1676 200000 74
996 0 5788
1684 200000 37
1688 200000 74
1696 200000 37
1700 200000 74
1008 0 5874
1708 200000 37
1712 200000 74
1020 0 5883
1720 200000 38
1724 200000 75
1032 0 5894
1732 200000 38
1736 200000 76
1744 200000 41
1748 200000 77
1044 0 5981
1756 200000 39
1760 200000 75
1056 0 5986
1768 200000 38
1772 200000 75
1780 200000 40
1784 200000 84
1068 0 6086
1792 200000 40
1796 200000 74
1080 0 6097
1804 200000 37
1808 200000 74
1816 200000 39
1820 200000 75
1092 0 6179
1828 200000 39
1832 200000 75
1104 0 6192
1840 200000 39
1844 200000 75
1116 0 6201
1852 200000 38
1856 200000 74
1864 200000 39
1868 200000 74
1128 0 6279
1876 200000 38
1880 200000 75
1140 0 6292
1888 200000 39
1892 200000 75
1152 0 6300
1900 200000 39
1904 200000 76
1912 200000 42
1916 200000 76
1164 0 6382
1924 200000 39
1928 200000 75
1176 0 6394
1936 200000 37
1940 200000 73
1948 200000 39
1952 200000 75
1188 0 6476
1960 200000 42
1964 200000 81
1200 0 6491
1972 200000 39
1976 200000 75
1212 0 6498
1984 200000 40
1988 200000 76
1996 200000 40
2000 200000 76
1224 0 6584
2008 200000 40
2012 200000 76
1236 0 6595
2020 200000 39
2024 200000 75
2032 200000 44
2036 200000 80
1248 0 6684
2044 200000 40
2048 200000 77
1260 0 6699
2056 200000 40
2060 200000 76
2068 200000 39
2072 200000 76
1272 0 6783
2080 200000 41
2084 200000 79
1284 0 6798
2092 200000 39
2096 200000 78
2104 200000 43
2108 200000 80
1296 0 6887
2116 200000 39
2120 200000 76
1308 0 6892
2128 200000 40
2132 200000 75
2140 200000 40
2144 200000 75
1320 0 6980
2152 200000 39
2156 200000 76
1332 0 6988
2164 200000 40
2168 200000 76
1344 0 6999
2176 200000 42
2180 200000 78
2188 200000 48
2192 200000 93
2200 200000 38
2204 200000 75
1356 0 7181
2212 200000 40
2216 200000 78
1368 0 7194
2224 200000 40
2228 200000 78
2236 200000 40
2240 200000 75
1380 0 7284
2248 200000 39
2252 200000 81
1392 0 7293
2260 200000 42
2264 200000 82
2272 200000 40
2276 200000 75
1404 0 7385
2284 200000 40
2288 200000 77
1416 0 7398
2296 200000 40
2300 200000 76
2308 200000 91
2320 200000 104
2332 200000 51
2312 53280 279
2344 200000 40
2324 141138 245
2336 200000 179
2356 200000 40
2348 200000 160
2360 200000 99
2368 200000 40
2372 200000 78
1428 0 7979
2380 200000 40
2384 200000 75
1440 0 7985
2392 200000 39
2396 200000 76
1452 0 7999
1464 0 7936
1476 0 7875
1488 0 7815
1500 0 7752
1512 0 7690
1524 0 7636
1536 0 7573
1548 0 7509
1560 0 7448
1572 0 7388
1584 0 7322
1596 0 7258
1608 0 7201
1620 0 7139
1632 0 7077
1644 0 7014
1656 0 6959
1668 0 6903
1680 0 6850
1692 0 6785
1704 0 6725
1716 0 6672
1728 0 6606
1740 0 6545
1752 0 6484
1764 0 6422
1776 0 6359
1788 0 6295
1800 0 6233
1812 0 6177
1824 0 6114
1836 0 6050
1848 0 5985
1860 0 5923
1872 0 5860
1884 0 5816
1896 0 5763
1908 0 5711
1920 0 5648
1932 0 5588
1944 0 5525
1956 0 5462
1968 0 5400
1980 0 5338
1992 0 5277
2004 0 5213
2016 0 5157
2028 0 5108
2040 0 5045
2052 0 4991
2064 0 4931
2076 0 4872
2088 0 4810
2100 0 4755
2112 0 4693
2124 0 4637
2136 0 4574
2148 0 4512
2160 0 4460
2172 0 4398
2184 0 4336
2196 0 4272
2208 0 4214
2220 0 4151
2232 0 4091
2244 0 4035
2256 0 3973
2268 0 3910
2280 0 3860
2292 0 3798
2304 0 3744
2316 0 3686
2328 0 3617
2340 0 3551
2352 0 3496
2364 0 3431
2376 0 3371
2388 0 3307
2400 0 3243
