4 100000 70
8 100000 130
12 100000 192
16 100000 156
28 100000 149
40 100000 159
52 100000 148
64 100000 129
68 100000 152
72 100000 174
76 100000 96
80 100000 119
84 100000 145
88 100000 68
92 100000 90
96 100000 113
100 100000 38
104 100000 62
108 100000 82
20 48356 795
112 100000 25
116 100000 48
120 100000 70
32 73624 770
44 47471 684
56 71338 589
124 100000 26
128 100000 46
132 100000 69
24 0 982
136 100000 24
140 100000 47
144 100000 70
36 0 974
48 0 897
148 100000 24
152 100000 47
156 100000 69
60 0 890
160 100000 23
164 100000 46
168 100000 68
172 100000 23
176 100000 46
180 100000 68
184 100000 23
188 100000 45
192 100000 68
196 100000 22
200 100000 46
204 100000 65
208 100000 24
212 100000 48
216 100000 72
220 100000 24
224 100000 48
228 100000 73
232 100000 23
236 100000 48
240 100000 72
244 100000 24
248 100000 48
252 100000 73
256 100000 23
260 100000 48
264 100000 72
268 100000 47
272 100000 71
276 100000 96
280 100000 24
284 100000 48
288 100000 72
292 100000 24
296 100000 48
300 100000 73
304 100000 36
308 100000 60
312 100000 84
316 100000 24
320 100000 48
324 100000 73
328 100000 34
332 100000 57
336 100000 81
340 100000 24
344 100000 49
348 100000 72
352 100000 38
356 100000 62
360 100000 87
364 100000 36
368 100000 60
372 100000 84
376 100000 24
380 100000 48
384 100000 73
388 100000 38
392 100000 61
396 100000 85
400 100000 24
404 100000 48
408 100000 73
412 100000 42
416 100000 63
420 100000 87
424 100000 29
428 100000 52
432 100000 77
436 100000 44
440 100000 68
444 100000 91
448 100000 28
452 100000 51
456 100000 63
460 100000 40
464 100000 65
468 100000 85
472 100000 21
476 100000 42
480 100000 63
484 100000 21
488 100000 42
492 100000 62
496 100000 29
500 100000 50
504 100000 69
508 100000 21
512 100000 42
516 100000 63
520 100000 21
524 100000 47
528 100000 66
532 100000 21
536 100000 42
540 100000 62
544 100000 43
548 100000 64
552 100000 83
556 100000 35
560 100000 56
564 100000 78
568 100000 63
572 100000 104
576 100000 130
580 100000 46
584 100000 68
588 100000 90
592 100000 23
596 100000 44
600 100000 66
604 100000 22
608 100000 44
612 100000 66
616 100000 24
620 100000 44
624 100000 66
628 100000 24
632 100000 46
636 100000 68
640 100000 22
644 100000 44
648 100000 65
652 100000 22
656 100000 43
660 100000 65
664 100000 24
668 100000 45
672 100000 66
676 100000 23
680 100000 44
684 100000 67
688 100000 22
692 100000 44
696 100000 66
700 100000 22
704 100000 44
708 100000 66
712 100000 24
716 100000 49
720 100000 73
724 100000 40
728 100000 62
732 100000 86
736 100000 24
740 100000 48
744 100000 72
748 100000 25
752 100000 49
756 100000 73
760 100000 39
764 100000 62
768 100000 85
772 100000 25
776 100000 49
780 100000 72
784 100000 41
788 100000 63
792 100000 86
796 100000 25
800 100000 49
804 100000 73
808 100000 36
812 100000 61
816 100000 84
820 100000 25
824 100000 50
828 100000 74
832 100000 46
836 100000 71
840 100000 94
844 100000 26
848 100000 50
852 100000 76
856 100000 56
860 100000 82
864 100000 104
868 100000 33
872 100000 57
876 100000 81
880 100000 26
884 100000 50
888 100000 75
892 100000 26
896 100000 51
900 100000 75
904 100000 26
908 100000 51
912 100000 76
916 100000 26
920 100000 51
924 100000 76
928 100000 26
932 100000 51
936 100000 76
940 100000 40
944 100000 66
948 100000 90
952 100000 27
956 100000 52
960 100000 114
964 100000 55
968 100000 90
972 100000 127
976 100000 65
980 100000 101
984 100000 140
988 100000 77
992 100000 114
996 100000 153
1000 100000 91
1004 100000 127
1008 100000 163
1012 100000 101
1016 100000 140
1020 100000 175
1024 100000 114
1028 100000 150
1032 100000 188
1036 100000 126
1040 100000 164
1044 98852 200
1048 100000 137
1052 100000 175
1060 100000 132
1064 100000 171
1072 100000 130
1076 100000 173
1084 100000 132
1088 100000 176
1096 100000 131
1100 100000 177
1108 100000 132
1112 100000 175
1120 100000 131
1124 100000 176
1132 100000 131
1136 100000 176
1144 100000 131
1148 100000 173
1156 100000 131
1160 100000 176
1168 100000 133
1172 100000 177
1180 100000 130
1184 100000 175
1192 100000 130
1196 100000 175
1056 53692 1420
1068 81726 1330
1080 38101 1262
1092 22841 1201
1104 27646 1139
1116 28104 1076
1128 24294 1015
1140 22877 956
1152 29289 890
1164 30542 827
1176 21550 766
1188 25836 704
1200 79342 616
