4 100000 69
8 100000 129
16 100000 94
20 100000 157
28 100000 120
40 100000 121
52 100000 83
56 100000 147
64 100000 99
68 100000 120
76 100000 45
72 100000 168
80 100000 89
88 100000 25
84 100000 141
92 100000 64
32 63817 567
100 100000 27
96 100000 132
104 100000 55
44 0 560
108 100000 83
112 100000 26
116 100000 48
120 100000 71
12 0 973
24 0 899
124 100000 25
128 100000 48
132 100000 72
36 0 891
136 100000 25
140 100000 49
144 100000 71
48 0 883
148 100000 26
152 100000 50
156 100000 73
60 0 877
160 100000 37
164 100000 58
168 100000 81
172 100000 32
176 100000 56
180 100000 78
184 100000 24
188 100000 47
192 100000 70
196 100000 46
200 100000 80
208 100000 27
204 100000 128
212 100000 53
216 100000 77
220 100000 31
224 100000 54
228 100000 79
232 100000 25
236 100000 50
240 100000 75
244 100000 26
248 100000 50
252 100000 75
256 100000 25
260 100000 50
264 100000 75
268 100000 26
272 100000 50
276 100000 74
280 100000 26
284 100000 50
288 100000 74
292 100000 46
296 100000 70
300 100000 94
304 100000 25
308 100000 50
312 100000 74
316 100000 25
320 100000 50
324 100000 75
328 100000 52
332 100000 75
336 100000 99
340 100000 25
344 100000 50
348 100000 74
352 100000 26
356 100000 50
360 100000 75
364 100000 26
368 100000 50
372 100000 74
376 100000 42
380 100000 64
384 100000 88
388 100000 26
392 100000 50
396 100000 74
400 100000 26
404 100000 50
408 100000 74
412 100000 39
416 100000 62
420 100000 87
424 100000 26
428 100000 50
432 100000 75
436 100000 41
440 100000 65
444 100000 89
448 100000 27
452 100000 50
456 100000 67
460 100000 23
464 100000 43
468 100000 64
472 100000 22
476 100000 43
480 100000 65
484 100000 25
488 100000 43
492 100000 64
496 100000 24
500 100000 43
504 100000 65
508 100000 56
512 100000 87
520 100000 23
516 100000 128
524 100000 53
528 100000 72
532 100000 55
536 100000 83
540 100000 99
544 100000 22
548 100000 43
552 100000 65
556 100000 23
560 100000 43
564 100000 64
568 100000 23
572 100000 43
576 100000 64
580 100000 25
584 100000 45
588 100000 67
592 100000 44
596 100000 65
600 100000 87
604 100000 23
608 100000 48
612 100000 67
616 100000 24
620 100000 46
624 100000 68
628 100000 24
632 100000 45
636 100000 67
640 100000 25
644 100000 45
648 100000 68
652 100000 50
656 100000 74
660 100000 93
664 100000 24
668 100000 46
672 100000 67
676 100000 24
680 100000 45
684 100000 67
688 100000 23
692 100000 45
696 100000 68
700 100000 24
704 100000 45
708 100000 65
712 100000 41
716 100000 84
724 100000 26
720 100000 130
728 100000 54
732 100000 79
736 100000 25
740 100000 50
744 100000 73
748 100000 26
752 100000 49
756 100000 73
760 100000 25
764 100000 49
768 100000 74
772 100000 26
776 100000 49
780 100000 73
784 100000 25
788 100000 49
792 100000 73
796 100000 25
800 100000 50
804 100000 73
808 100000 40
812 100000 64
816 100000 88
820 100000 26
824 100000 49
828 100000 73
832 100000 41
836 100000 64
840 100000 89
844 100000 26
848 100000 51
852 100000 76
856 100000 27
860 100000 51
864 100000 76
868 100000 27
872 100000 52
876 100000 75
880 100000 40
884 100000 65
888 100000 90
892 100000 27
896 100000 52
900 100000 76
904 100000 41
908 100000 65
912 100000 90
916 100000 27
920 100000 51
924 100000 76
928 100000 40
932 100000 65
936 100000 89
940 100000 26
944 100000 52
948 100000 76
952 100000 46
956 100000 81
964 100000 42
960 100000 154
968 100000 94
976 100000 39
972 100000 168
980 100000 108
988 100000 43
992 100000 81
1000 100000 39
996 100000 165
1004 100000 104
1012 100000 41
1016 100000 114
1024 100000 53
1028 100000 90
1036 100000 41
1032 100000 166
1040 100000 105
1048 100000 41
1044 100000 178
1052 100000 117
1060 100000 53
1064 100000 90
1072 100000 40
1068 100000 168
1076 100000 98
1084 100000 40
1080 100000 167
1088 100000 114
1096 100000 56
1100 100000 101
1108 100000 48
1112 100000 99
1120 100000 47
1124 100000 98
1132 100000 48
1136 100000 120
1144 100000 67
1148 100000 109
1156 100000 55
1160 100000 99
1168 100000 49
1172 100000 93
1180 100000 49
1184 100000 112
1192 100000 56
1196 100000 103
1200 100000 148
984 28262 1964
1008 100000 1764
1020 2783 1680
1056 8179 1426
1092 0 1174
1104 21575 1116
1116 17185 1056
1128 78799 968
1140 0 917
1152 789 868
1164 10727 813
1176 64090 732
1188 8191 679
