4 100000 71
16 100000 65
8 100000 195
28 100000 65
40 100000 64
20 64774 285
52 100000 78
32 25531 296
64 100000 25
44 16951 241
56 100000 164
68 100000 87
76 100000 25
80 100000 48
12 0 655
24 0 580
88 100000 24
92 100000 47
36 0 551
48 0 472
60 0 395
100 100000 25
104 100000 48
72 0 364
84 0 288
112 100000 24
116 100000 48
96 52397 259
108 100000 180
124 100000 25
128 100000 48
120 100000 149
132 100000 72
136 100000 24
140 100000 46
144 100000 70
148 100000 61
160 100000 37
152 100000 147
164 100000 61
156 100000 192
172 100000 25
176 100000 46
168 100000 153
180 100000 87
184 100000 24
188 100000 48
192 100000 73
196 100000 24
200 100000 49
204 100000 73
208 100000 25
212 100000 49
216 100000 74
220 100000 25
224 100000 49
228 100000 73
232 100000 26
236 100000 50
240 100000 73
244 100000 25
248 100000 49
252 100000 74
256 100000 24
260 100000 49
264 100000 73
268 100000 43
272 100000 69
276 100000 91
280 100000 24
284 100000 49
288 100000 73
292 100000 53
296 100000 77
304 100000 26
300 100000 149
308 100000 53
312 100000 72
316 100000 24
320 100000 48
324 100000 73
328 100000 43
332 100000 69
336 100000 90
340 100000 26
344 100000 50
348 100000 73
352 100000 25
356 100000 51
360 100000 73
364 100000 26
368 100000 50
372 100000 73
376 100000 24
380 100000 49
384 100000 72
388 100000 23
392 100000 48
396 100000 73
400 100000 24
404 100000 48
408 100000 72
412 100000 24
416 100000 48
420 100000 73
424 100000 38
428 100000 62
432 100000 87
436 100000 54
440 100000 77
444 100000 97
448 100000 20
452 100000 41
456 100000 63
460 100000 50
464 100000 71
468 100000 90
472 100000 21
476 100000 42
480 100000 63
484 100000 21
488 100000 42
492 100000 62
496 100000 20
500 100000 41
504 100000 63
508 100000 21
512 100000 42
516 100000 63
520 100000 22
524 100000 42
528 100000 62
532 100000 56
536 100000 76
540 100000 96
544 100000 21
548 100000 48
552 100000 68
556 100000 20
560 100000 49
564 100000 70
568 100000 22
572 100000 45
576 100000 66
580 100000 23
584 100000 44
588 100000 66
592 100000 22
596 100000 44
600 100000 65
604 100000 43
608 100000 65
612 100000 86
616 100000 23
620 100000 44
624 100000 66
628 100000 21
632 100000 44
636 100000 67
640 100000 46
644 100000 68
648 100000 89
652 100000 22
656 100000 44
660 100000 66
664 100000 22
668 100000 44
672 100000 66
676 100000 22
680 100000 44
684 100000 66
688 100000 24
692 100000 48
696 100000 71
700 100000 24
704 100000 48
708 100000 73
712 100000 24
716 100000 48
720 100000 72
724 100000 24
728 100000 49
732 100000 73
736 100000 25
740 100000 48
744 100000 72
748 100000 24
752 100000 48
756 100000 72
760 100000 24
764 100000 50
768 100000 72
772 100000 26
776 100000 48
780 100000 72
784 100000 24
788 100000 49
792 100000 73
796 100000 25
800 100000 49
804 100000 73
808 100000 26
812 100000 48
816 100000 64
820 100000 26
824 100000 51
828 100000 74
832 100000 44
836 100000 70
840 100000 92
844 100000 26
848 100000 50
852 100000 74
856 100000 32
860 100000 56
864 100000 81
868 100000 25
872 100000 50
876 100000 75
880 100000 26
884 100000 50
888 100000 75
892 100000 26
896 100000 51
900 100000 75
904 100000 26
908 100000 50
912 100000 75
916 100000 26
920 100000 50
924 100000 75
928 100000 26
932 100000 51
936 100000 75
940 100000 40
944 100000 76
952 100000 40
956 100000 77
948 100000 187
964 100000 39
968 100000 77
960 97394 200
976 100000 40
980 100000 77
988 100000 41
992 100000 77
972 66022 287
1000 100000 39
1004 100000 78
984 34628 299
1012 100000 40
1016 100000 79
1024 100000 42
1028 100000 79
996 1113 387
1036 100000 40
1040 100000 77
1008 0 398
1048 100000 39
1052 100000 76
1060 100000 40
1064 100000 61
1020 0 468
1072 100000 47
1076 100000 92
1084 100000 48
1088 100000 91
1032 0 591
1096 100000 48
1100 100000 91
1108 100000 47
1112 100000 92
1120 100000 47
1124 100000 91
1132 100000 47
1136 100000 92
1044 0 892
1144 100000 49
1148 100000 91
1156 100000 47
1160 100000 92
1168 100000 47
1172 100000 92
1180 100000 47
1184 100000 94
1056 0 1193
1192 100000 35
1196 100000 85
1068 0 1226
1080 0 1178
1092 0 1127
1104 0 1077
1116 0 1028
1128 0 977
1140 0 929
1152 0 877
1164 0 826
1176 0 778
1188 0 728
1200 0 680
