4 100000 70
16 100000 66
8 100000 194
28 100000 65
40 100000 64
52 100000 53
44 100000 174
56 100000 98
64 100000 26
68 100000 49
20 52688 457
32 70956 362
60 100000 184
76 100000 26
80 100000 50
72 100000 153
84 100000 78
12 0 698
88 100000 26
92 100000 49
96 100000 72
24 0 692
100 100000 25
104 100000 49
108 100000 72
36 0 685
112 100000 26
116 100000 48
120 100000 71
48 0 677
124 100000 25
128 100000 47
132 100000 70
136 100000 25
140 100000 47
144 100000 70
148 100000 71
152 100000 93
160 100000 40
164 100000 60
156 100000 174
168 100000 93
172 100000 26
176 100000 47
180 100000 70
184 100000 25
188 100000 50
192 100000 74
196 100000 25
200 100000 50
204 100000 74
208 100000 26
212 100000 62
216 100000 85
220 100000 48
224 100000 74
228 100000 95
232 100000 25
236 100000 51
240 100000 74
244 100000 26
248 100000 50
252 100000 74
256 100000 26
260 100000 49
264 100000 74
268 100000 27
272 100000 49
276 100000 74
280 100000 52
284 100000 75
288 100000 99
292 100000 25
296 100000 49
300 100000 74
304 100000 42
308 100000 65
312 100000 89
316 100000 44
320 100000 64
324 100000 88
328 100000 26
332 100000 50
336 100000 74
340 100000 43
344 100000 64
348 100000 89
352 100000 27
356 100000 49
360 100000 74
364 100000 25
368 100000 50
372 100000 75
376 100000 25
380 100000 50
384 100000 74
388 100000 26
392 100000 51
396 100000 74
400 100000 25
404 100000 50
408 100000 75
412 100000 25
416 100000 50
420 100000 74
424 100000 26
428 100000 51
432 100000 74
436 100000 22
440 100000 45
444 100000 64
448 100000 22
452 100000 43
456 100000 64
460 100000 22
464 100000 44
468 100000 65
472 100000 42
476 100000 61
480 100000 82
484 100000 22
488 100000 43
492 100000 66
496 100000 22
500 100000 46
504 100000 64
508 100000 22
512 100000 43
516 100000 64
520 100000 22
524 100000 43
528 100000 64
532 100000 41
536 100000 61
540 100000 82
544 100000 22
548 100000 43
552 100000 64
556 100000 19
560 100000 36
564 100000 57
568 100000 46
572 100000 70
576 100000 92
580 100000 26
584 100000 46
588 100000 68
592 100000 44
596 100000 64
600 100000 86
604 100000 25
608 100000 46
612 100000 67
616 100000 24
620 100000 46
624 100000 67
628 100000 24
632 100000 45
636 100000 67
640 100000 23
644 100000 45
648 100000 68
652 100000 23
656 100000 46
660 100000 68
664 100000 23
668 100000 45
672 100000 67
676 100000 24
680 100000 46
684 100000 68
688 100000 26
692 100000 50
696 100000 73
700 100000 27
704 100000 49
708 100000 73
712 100000 46
716 100000 71
720 100000 95
724 100000 27
728 100000 52
732 100000 74
736 100000 26
740 100000 50
744 100000 74
748 100000 26
752 100000 50
756 100000 74
760 100000 27
764 100000 51
768 100000 74
772 100000 53
776 100000 76
780 100000 99
784 100000 25
788 100000 50
792 100000 74
796 100000 49
800 100000 72
804 100000 97
808 100000 27
812 100000 50
816 100000 75
820 100000 26
824 100000 51
828 100000 76
832 100000 41
836 100000 64
840 100000 89
844 100000 27
848 100000 52
852 100000 76
856 100000 40
860 100000 66
864 100000 89
868 100000 27
872 100000 51
876 100000 76
880 100000 38
884 100000 59
888 100000 84
892 100000 26
896 100000 51
900 100000 76
904 100000 26
908 100000 51
912 100000 76
916 100000 26
920 100000 51
924 100000 76
928 100000 48
932 100000 74
936 100000 98
940 100000 40
944 100000 76
952 100000 40
956 100000 77
948 100000 189
964 100000 40
968 100000 79
960 96679 201
976 100000 41
980 100000 77
988 100000 40
992 100000 78
1000 100000 40
1004 100000 77
1012 100000 39
1016 100000 75
1024 100000 42
1028 100000 78
1036 100000 40
1040 100000 78
1048 100000 40
1052 100000 77
1060 100000 40
1064 100000 67
1056 97246 201
1072 100000 47
1076 100000 94
1084 100000 46
1088 100000 91
1096 100000 47
1100 100000 93
1108 100000 46
1112 100000 92
1120 100000 49
1124 100000 93
1132 100000 47
1136 100000 91
1144 100000 47
1148 100000 92
1156 100000 47
1160 100000 93
1168 100000 48
1172 100000 91
1180 100000 49
1184 100000 92
1192 100000 26
1196 100000 75
1200 100000 146
972 51277 2068
984 84075 1977
1008 91919 1805
996 45382 1907
1020 39772 1736
1032 86909 1639
1044 47199 1566
1068 3567 1415
1080 24419 1353
1092 28342 1289
1104 22350 1229
1116 27754 1164
1128 19403 1104
1140 30772 1041
1152 22074 979
1164 20564 919
1176 27128 856
1188 61879 775
