4 100000 68
16 100000 64
8 100000 192
28 100000 66
40 100000 68
52 100000 65
64 100000 65
56 100000 195
68 100000 113
76 100000 35
80 100000 58
72 100000 183
20 53066 592
32 70073 500
88 100000 25
92 100000 51
84 100000 171
44 51416 482
100 100000 26
96 100000 127
104 100000 50
108 100000 74
12 0 895
112 100000 26
116 100000 48
120 100000 71
24 0 889
124 100000 27
128 100000 48
132 100000 71
36 0 882
136 100000 26
140 100000 49
144 100000 76
48 0 878
148 100000 26
152 100000 50
156 100000 70
60 0 871
160 100000 46
164 100000 68
168 100000 92
172 100000 23
176 100000 47
180 100000 70
184 100000 45
188 100000 76
192 100000 99
196 100000 24
200 100000 47
204 100000 72
208 100000 25
212 100000 50
216 100000 74
220 100000 25
224 100000 50
228 100000 74
232 100000 31
236 100000 58
240 100000 80
244 100000 25
248 100000 49
252 100000 74
256 100000 34
260 100000 57
264 100000 80
268 100000 25
272 100000 49
276 100000 74
280 100000 42
284 100000 63
288 100000 87
292 100000 35
296 100000 59
300 100000 83
304 100000 25
308 100000 49
312 100000 74
316 100000 35
320 100000 57
324 100000 81
328 100000 41
332 100000 63
336 100000 87
340 100000 25
344 100000 50
348 100000 74
352 100000 32
356 100000 58
360 100000 80
364 100000 25
368 100000 49
372 100000 74
376 100000 26
380 100000 50
384 100000 74
388 100000 25
392 100000 77
400 100000 27
396 100000 126
404 100000 53
408 100000 76
412 100000 56
416 100000 81
424 100000 27
428 100000 50
420 100000 155
432 100000 81
436 100000 25
440 100000 50
444 100000 74
448 100000 41
452 100000 59
456 100000 79
460 100000 22
464 100000 44
468 100000 64
472 100000 45
476 100000 66
480 100000 86
484 100000 22
488 100000 43
492 100000 64
496 100000 24
500 100000 43
504 100000 64
508 100000 43
512 100000 63
516 100000 84
520 100000 30
524 100000 51
528 100000 73
532 100000 28
536 100000 49
540 100000 70
544 100000 25
548 100000 44
552 100000 64
556 100000 39
560 100000 70
564 100000 90
568 100000 28
572 100000 49
576 100000 71
580 100000 23
584 100000 45
588 100000 66
592 100000 25
596 100000 45
600 100000 67
604 100000 41
608 100000 63
612 100000 84
616 100000 30
620 100000 50
624 100000 73
628 100000 31
632 100000 55
636 100000 75
640 100000 23
644 100000 45
648 100000 67
652 100000 23
656 100000 45
660 100000 67
664 100000 24
668 100000 45
672 100000 67
676 100000 51
680 100000 74
684 100000 93
688 100000 31
692 100000 52
696 100000 74
700 100000 43
704 100000 66
708 100000 90
712 100000 24
716 100000 49
720 100000 73
724 100000 42
728 100000 64
732 100000 89
736 100000 31
740 100000 56
744 100000 79
748 100000 33
752 100000 58
756 100000 81
760 100000 25
764 100000 49
768 100000 73
772 100000 38
776 100000 62
780 100000 86
784 100000 26
788 100000 50
792 100000 73
796 100000 25
800 100000 49
804 100000 73
808 100000 33
812 100000 57
816 100000 81
820 100000 25
824 100000 49
828 100000 73
832 100000 26
836 100000 50
840 100000 75
844 100000 43
848 100000 67
852 100000 91
856 100000 25
860 100000 50
864 100000 76
868 100000 26
872 100000 50
876 100000 75
880 100000 45
884 100000 66
888 100000 98
892 100000 26
896 100000 51
900 100000 75
904 100000 25
908 100000 50
912 100000 75
916 100000 25
920 100000 52
924 100000 75
928 100000 26
932 100000 51
936 100000 75
940 100000 31
944 100000 55
948 100000 80
952 100000 27
956 100000 55
960 100000 91
964 100000 39
968 100000 77
976 100000 40
980 100000 78
972 100000 187
988 100000 41
992 100000 77
984 100000 199
1000 100000 40
1004 100000 77
1012 100000 40
1016 100000 78
1024 100000 40
1028 100000 76
1036 100000 41
1040 100000 78
1048 100000 39
1052 100000 78
1060 100000 41
1064 100000 78
1072 100000 39
1076 100000 77
1068 100000 194
1084 100000 38
1088 100000 83
1080 97941 200
1096 100000 47
1100 100000 92
1108 100000 48
1112 100000 92
1120 100000 48
1124 100000 91
1132 100000 47
1136 100000 91
1144 100000 48
1148 100000 93
1156 100000 46
1160 100000 91
1168 100000 47
1172 100000 93
1180 100000 46
1184 100000 91
1192 100000 47
1196 100000 91
1200 100000 139
996 54141 1859
1008 78962 1764
1020 68970 1669
1032 52933 1590
1044 89519 1492
1056 32969 1426
1092 3930 1176
1104 26331 1114
1116 29216 1048
1128 18497 989
1140 28484 925
1152 19769 866
1164 31488 800
1176 20293 741
1188 33261 674
