4 100000 71
8 100000 134
16 100000 146
28 100000 163
40 100000 149
52 100000 161
56 100000 198
64 100000 120
68 100000 143
72 100000 167
76 100000 89
80 100000 112
84 100000 135
88 100000 59
92 100000 85
96 100000 109
100 100000 32
104 100000 54
108 100000 78
20 86900 781
32 40857 695
112 100000 27
116 100000 48
120 100000 71
44 79765 671
12 81611 972
24 0 896
124 100000 28
128 100000 49
132 100000 72
36 0 891
136 100000 26
140 100000 49
144 100000 72
48 0 884
148 100000 26
152 100000 50
156 100000 72
60 0 875
160 100000 24
164 100000 47
168 100000 70
172 100000 53
176 100000 77
180 100000 99
184 100000 24
188 100000 49
192 100000 70
196 100000 24
200 100000 48
204 100000 68
208 100000 25
212 100000 49
216 100000 74
220 100000 26
224 100000 50
228 100000 74
232 100000 25
236 100000 50
240 100000 74
244 100000 25
248 100000 50
252 100000 74
256 100000 57
260 100000 81
264 100000 106
268 100000 32
272 100000 57
276 100000 80
280 100000 27
284 100000 50
288 100000 74
292 100000 26
296 100000 49
300 100000 74
304 100000 25
308 100000 50
312 100000 74
316 100000 26
320 100000 49
324 100000 74
328 100000 25
332 100000 50
336 100000 75
340 100000 25
344 100000 50
348 100000 74
352 100000 25
356 100000 50
360 100000 75
364 100000 26
368 100000 50
372 100000 75
376 100000 26
380 100000 50
384 100000 74
388 100000 26
392 100000 50
396 100000 74
400 100000 26
404 100000 50
408 100000 74
412 100000 26
416 100000 51
420 100000 78
424 100000 28
428 100000 52
432 100000 76
436 100000 27
440 100000 51
444 100000 74
448 100000 42
452 100000 63
456 100000 84
460 100000 23
464 100000 43
468 100000 64
472 100000 55
476 100000 77
480 100000 95
484 100000 24
488 100000 43
492 100000 64
496 100000 22
500 100000 46
504 100000 65
508 100000 23
512 100000 43
516 100000 64
520 100000 23
524 100000 43
528 100000 64
532 100000 25
536 100000 43
540 100000 65
544 100000 44
548 100000 64
552 100000 85
556 100000 23
560 100000 44
564 100000 65
568 100000 25
572 100000 44
576 100000 66
580 100000 23
584 100000 45
588 100000 68
592 100000 24
596 100000 46
600 100000 67
604 100000 43
608 100000 65
612 100000 86
616 100000 24
620 100000 45
624 100000 67
628 100000 23
632 100000 45
636 100000 68
640 100000 23
644 100000 45
648 100000 68
652 100000 23
656 100000 45
660 100000 68
664 100000 23
668 100000 45
672 100000 67
676 100000 31
680 100000 55
684 100000 75
688 100000 23
692 100000 45
696 100000 67
700 100000 23
704 100000 45
708 100000 70
712 100000 27
716 100000 51
720 100000 73
724 100000 27
728 100000 50
732 100000 74
736 100000 40
740 100000 64
744 100000 88
748 100000 25
752 100000 51
756 100000 75
760 100000 26
764 100000 49
768 100000 73
772 100000 25
776 100000 50
780 100000 74
784 100000 44
788 100000 70
792 100000 90
796 100000 32
800 100000 55
804 100000 78
808 100000 25
812 100000 50
816 100000 73
820 100000 25
824 100000 49
828 100000 73
832 100000 26
836 100000 50
840 100000 76
844 100000 50
848 100000 74
852 100000 98
856 100000 26
860 100000 51
864 100000 75
868 100000 46
872 100000 69
876 100000 93
880 100000 26
884 100000 50
888 100000 75
892 100000 42
896 100000 64
900 100000 89
904 100000 25
908 100000 50
912 100000 75
916 100000 26
920 100000 50
924 100000 75
928 100000 26
932 100000 50
936 100000 75
940 100000 26
944 100000 50
948 100000 75
952 100000 52
956 100000 89
960 100000 125
964 100000 64
968 100000 102
972 100000 140
976 100000 78
980 100000 115
984 100000 152
988 100000 89
992 100000 127
996 100000 164
1000 100000 103
1004 100000 139
1008 100000 176
1012 100000 117
1016 100000 151
1020 100000 189
1024 100000 126
1028 100000 163
1036 100000 132
1040 100000 171
1048 100000 133
1052 100000 171
1060 100000 134
1072 100000 145
1076 100000 189
1084 100000 134
1088 100000 179
1096 100000 132
1100 100000 174
1108 100000 129
1112 100000 174
1120 100000 129
1124 100000 174
1132 100000 134
1136 100000 178
1144 100000 129
1148 100000 175
1156 100000 133
1160 100000 178
1168 100000 128
1172 100000 174
1180 100000 134
1184 100000 180
1192 100000 118
1196 100000 162
1064 95822 1294
1032 86734 1602
1044 68240 1519
1056 73939 1433
1068 0 1384
1080 0 1335
1092 17211 1276
1104 24496 1215
1116 26665 1153
1128 33774 1086
1140 16506 1029
1152 32010 964
1164 18306 905
1176 34870 840
1188 20489 779
1200 64580 698
