4 100000 66
8 100000 128
12 100000 192
16 100000 156
28 100000 153
40 100000 154
52 100000 152
64 100000 135
68 100000 160
72 100000 180
76 100000 104
80 100000 127
84 100000 150
88 100000 76
92 100000 97
96 100000 120
100 100000 44
104 100000 69
108 100000 89
20 58419 799
112 100000 26
116 100000 48
120 100000 71
32 61296 778
44 61701 687
56 50346 599
124 100000 25
128 100000 50
132 100000 71
24 0 992
136 100000 26
140 100000 48
144 100000 71
36 0 984
148 100000 25
152 100000 48
156 100000 72
48 0 977
60 0 900
160 100000 23
164 100000 47
168 100000 69
172 100000 24
176 100000 47
180 100000 70
184 100000 43
188 100000 71
192 100000 93
196 100000 23
200 100000 46
204 100000 65
208 100000 43
212 100000 67
216 100000 91
220 100000 25
224 100000 50
228 100000 73
232 100000 25
236 100000 49
240 100000 74
244 100000 25
248 100000 50
252 100000 74
256 100000 25
260 100000 50
264 100000 73
268 100000 25
272 100000 49
276 100000 74
280 100000 25
284 100000 50
288 100000 73
292 100000 47
296 100000 72
300 100000 94
304 100000 25
308 100000 51
312 100000 74
316 100000 25
320 100000 49
324 100000 75
328 100000 25
332 100000 50
336 100000 73
340 100000 25
344 100000 49
348 100000 74
352 100000 24
356 100000 49
360 100000 74
364 100000 25
368 100000 49
372 100000 74
376 100000 40
380 100000 64
384 100000 89
388 100000 34
392 100000 56
396 100000 79
400 100000 25
404 100000 49
408 100000 73
412 100000 31
416 100000 56
420 100000 81
424 100000 58
428 100000 90
432 100000 113
436 100000 40
440 100000 64
444 100000 89
448 100000 32
452 100000 55
456 100000 74
460 100000 21
464 100000 42
468 100000 63
472 100000 41
476 100000 75
480 100000 96
484 100000 21
488 100000 42
492 100000 63
496 100000 52
500 100000 77
504 100000 94
508 100000 21
512 100000 42
516 100000 63
520 100000 38
524 100000 59
528 100000 80
532 100000 22
536 100000 42
540 100000 63
544 100000 49
548 100000 74
552 100000 94
556 100000 21
560 100000 42
564 100000 63
568 100000 21
572 100000 42
576 100000 63
580 100000 24
584 100000 43
588 100000 65
592 100000 51
596 100000 73
600 100000 94
604 100000 24
608 100000 44
612 100000 65
616 100000 22
620 100000 44
624 100000 66
628 100000 37
632 100000 59
636 100000 80
640 100000 32
644 100000 53
648 100000 73
652 100000 21
656 100000 43
660 100000 66
664 100000 55
668 100000 76
672 100000 97
676 100000 22
680 100000 44
684 100000 66
688 100000 23
692 100000 43
696 100000 66
700 100000 42
704 100000 65
708 100000 88
712 100000 23
716 100000 47
720 100000 71
724 100000 24
728 100000 48
732 100000 71
736 100000 24
740 100000 48
744 100000 71
748 100000 47
752 100000 70
756 100000 94
760 100000 24
764 100000 48
768 100000 71
772 100000 23
776 100000 47
780 100000 71
784 100000 24
788 100000 47
792 100000 72
796 100000 52
800 100000 76
804 100000 99
808 100000 25
812 100000 49
816 100000 73
820 100000 24
824 100000 47
828 100000 71
832 100000 24
836 100000 51
840 100000 74
844 100000 26
848 100000 49
852 100000 74
856 100000 24
860 100000 49
864 100000 74
868 100000 51
872 100000 75
876 100000 99
880 100000 26
884 100000 51
888 100000 76
892 100000 24
896 100000 51
900 100000 74
904 100000 34
908 100000 57
912 100000 82
916 100000 25
920 100000 50
924 100000 74
928 100000 25
932 100000 50
936 100000 74
940 100000 43
944 100000 66
948 100000 90
952 100000 43
956 100000 79
960 100000 116
964 100000 54
968 100000 91
972 100000 128
976 100000 69
980 100000 103
984 100000 140
988 100000 78
992 100000 115
996 100000 152
1000 100000 90
1004 100000 127
1008 100000 166
1012 100000 102
1016 100000 140
1020 100000 176
1024 100000 116
1028 100000 152
1032 100000 192
1036 100000 129
1040 100000 165
1048 100000 138
1052 100000 175
1060 100000 128
1064 100000 165
1068 100000 190
1072 100000 133
1076 100000 179
1084 100000 131
1088 100000 174
1096 100000 131
1100 100000 177
1108 100000 134
1112 100000 177
1120 100000 129
1124 100000 174
1132 100000 133
1136 100000 179
1144 100000 130
1148 100000 175
1156 100000 132
1160 100000 177
1168 100000 132
1172 100000 177
1180 100000 130
1184 100000 174
1192 100000 130
1196 100000 160
1044 89088 1500
1056 38938 1431
1080 17606 1275
1092 28886 1210
1104 27580 1148
1116 20233 1087
1128 34394 1021
1140 17763 963
1152 30076 899
1164 26275 837
1176 22222 778
1188 29483 714
1200 74617 627
