4 100000 41
8 100000 77
12 100000 90
16 100000 37
20 100000 61
24 100000 83
28 100000 33
32 100000 55
36 100000 75
40 100000 25
44 100000 48
48 100000 70
52 100000 60
56 100000 103
60 100000 136
64 100000 57
68 100000 78
72 100000 100
76 100000 30
80 100000 53
84 100000 78
88 100000 25
92 100000 50
96 100000 74
100 100000 25
104 100000 50
108 100000 73
112 100000 25
116 100000 54
120 100000 78
124 100000 25
128 100000 50
132 100000 74
136 100000 25
140 100000 50
144 100000 74
148 100000 25
152 100000 50
156 100000 75
160 100000 27
164 100000 52
168 100000 74
172 100000 27
176 100000 58
180 100000 88
184 100000 30
188 100000 54
192 100000 79
196 100000 25
200 100000 50
204 100000 75
208 100000 24
212 100000 48
216 100000 73
220 100000 44
224 100000 67
228 100000 93
232 100000 28
236 100000 51
240 100000 76
244 100000 26
248 100000 50
252 100000 73
256 100000 43
260 100000 66
264 100000 95
268 100000 25
272 100000 50
276 100000 75
280 100000 25
284 100000 50
288 100000 74
292 100000 26
296 100000 49
300 100000 74
304 100000 26
308 100000 51
312 100000 76
316 100000 25
320 100000 50
324 100000 74
328 100000 26
332 100000 53
336 100000 86
340 100000 22
344 100000 43
348 100000 64
352 100000 42
356 100000 64
360 100000 84
364 100000 23
368 100000 43
372 100000 64
376 100000 43
380 100000 64
384 100000 84
388 100000 22
392 100000 43
396 100000 65
400 100000 22
404 100000 43
408 100000 65
412 100000 23
416 100000 44
420 100000 64
424 100000 23
428 100000 44
432 100000 65
436 100000 23
440 100000 44
444 100000 66
448 100000 24
452 100000 44
456 100000 65
460 100000 20
464 100000 42
468 100000 64
472 100000 44
476 100000 64
480 100000 86
484 100000 29
488 100000 51
492 100000 73
496 100000 35
500 100000 57
504 100000 79
508 100000 24
512 100000 46
516 100000 68
520 100000 24
524 100000 45
528 100000 67
532 100000 24
536 100000 45
540 100000 68
544 100000 42
548 100000 62
552 100000 84
556 100000 24
560 100000 45
564 100000 67
568 100000 26
572 100000 46
576 100000 68
580 100000 44
584 100000 67
588 100000 90
592 100000 26
596 100000 50
600 100000 73
604 100000 42
608 100000 65
612 100000 89
616 100000 25
620 100000 50
624 100000 74
628 100000 26
632 100000 50
636 100000 74
640 100000 25
644 100000 50
648 100000 74
652 100000 26
656 100000 50
660 100000 74
664 100000 26
668 100000 50
672 100000 73
676 100000 25
680 100000 50
684 100000 74
688 100000 26
692 100000 52
696 100000 75
700 100000 27
704 100000 52
708 100000 75
712 100000 27
716 100000 55
720 100000 79
724 100000 27
728 100000 52
732 100000 77
736 100000 27
740 100000 51
744 100000 77
748 100000 27
752 100000 52
756 100000 77
760 100000 27
764 100000 53
768 100000 77
772 100000 27
776 100000 51
780 100000 76
784 100000 26
788 100000 52
792 100000 77
796 100000 27
800 100000 51
804 100000 76
808 100000 27
812 100000 51
816 100000 76
820 100000 27
824 100000 51
828 100000 77
832 100000 26
836 100000 51
840 100000 73
844 100000 49
848 100000 84
852 100000 123
856 100000 60
860 100000 96
864 100000 134
868 100000 73
872 100000 110
876 100000 146
880 100000 85
884 100000 122
888 100000 160
892 100000 100
896 100000 137
900 100000 172
904 100000 110
908 100000 158
912 100000 194
916 100000 132
920 100000 174
928 100000 146
932 100000 185
940 100000 129
944 100000 166
952 100000 132
956 100000 165
964 100000 143
968 100000 192
976 100000 137
980 100000 183
988 100000 130
992 100000 175
1000 100000 131
1004 100000 176
1012 100000 131
1016 100000 176
1024 100000 134
1028 100000 177
1036 100000 136
1040 100000 183
1048 100000 131
1052 100000 176
1060 100000 132
1064 100000 176
1072 100000 129
1076 100000 174
1084 100000 139
1088 100000 197
1096 100000 148
1108 100000 146
1120 100000 148
1132 100000 141
1136 100000 197
1144 100000 148
1156 100000 141
1168 100000 158
1180 100000 140
1192 100000 151
924 84353 2500
936 19118 2442
948 92112 2343
960 74193 2253
972 13482 2171
984 7985 2110
996 28319 2040
1008 25976 1972
1020 29297 1903
1032 26622 1834
1044 18444 1770
1056 23408 1702
1068 22236 1636
1080 76735 1541
1092 18615 1475
1100 66880 1389
1104 28988 1420
1112 84462 1327
1116 25077 1359
1124 51055 1280
1128 33979 1308
1140 16022 1244
1148 54536 1165
1152 36051 1192
1160 91540 1095
1164 27101 1125
1172 38963 1050
1184 93947 980
1176 34940 1080
1188 23583 1012
1196 44708 935
1200 39140 961
