4 100000 48
8 100000 67
12 100000 89
16 100000 24
20 100000 47
24 100000 69
28 100000 43
32 100000 61
36 100000 84
40 100000 26
44 100000 46
48 100000 69
52 100000 24
56 100000 49
60 100000 70
64 100000 48
68 100000 69
72 100000 92
76 100000 24
80 100000 38
84 100000 63
88 100000 25
92 100000 49
96 100000 73
100 100000 57
104 100000 87
112 100000 27
116 100000 51
108 100000 160
120 100000 86
124 100000 37
128 100000 61
132 100000 85
136 100000 36
140 100000 59
144 100000 83
148 100000 39
152 100000 61
156 100000 86
160 100000 35
164 100000 59
168 100000 83
172 100000 25
176 100000 50
180 100000 73
184 100000 25
188 100000 50
192 100000 74
196 100000 44
200 100000 67
204 100000 92
208 100000 24
212 100000 49
216 100000 73
220 100000 42
224 100000 66
228 100000 91
232 100000 52
236 100000 75
240 100000 100
244 100000 25
248 100000 50
252 100000 75
256 100000 25
260 100000 50
264 100000 75
268 100000 39
272 100000 62
276 100000 87
280 100000 25
284 100000 50
288 100000 75
292 100000 39
296 100000 72
300 100000 93
304 100000 27
308 100000 51
312 100000 75
316 100000 26
320 100000 49
324 100000 74
328 100000 40
332 100000 62
336 100000 78
340 100000 32
344 100000 55
348 100000 73
352 100000 23
356 100000 43
360 100000 64
364 100000 41
368 100000 62
372 100000 82
376 100000 21
380 100000 43
384 100000 64
388 100000 50
392 100000 72
396 100000 90
400 100000 24
404 100000 42
408 100000 64
412 100000 21
416 100000 44
420 100000 64
424 100000 23
428 100000 43
432 100000 65
436 100000 45
440 100000 71
444 100000 91
448 100000 22
452 100000 43
456 100000 64
460 100000 43
464 100000 64
468 100000 86
472 100000 23
476 100000 45
480 100000 66
484 100000 23
488 100000 44
492 100000 67
496 100000 22
500 100000 44
504 100000 67
508 100000 23
512 100000 45
516 100000 66
520 100000 41
524 100000 67
528 100000 88
532 100000 28
536 100000 49
540 100000 71
544 100000 22
548 100000 46
552 100000 66
556 100000 57
560 100000 83
568 100000 24
572 100000 48
564 100000 150
576 100000 73
580 100000 46
584 100000 67
588 100000 90
592 100000 24
596 100000 49
600 100000 73
604 100000 24
608 100000 48
612 100000 72
616 100000 38
620 100000 61
624 100000 85
628 100000 24
632 100000 48
636 100000 72
640 100000 40
644 100000 62
648 100000 85
652 100000 35
656 100000 57
660 100000 81
664 100000 24
668 100000 49
672 100000 72
676 100000 25
680 100000 48
684 100000 72
688 100000 24
692 100000 48
696 100000 72
700 100000 43
704 100000 63
708 100000 87
712 100000 31
716 100000 55
720 100000 81
724 100000 25
728 100000 49
732 100000 74
736 100000 25
740 100000 50
744 100000 75
748 100000 26
752 100000 50
756 100000 75
760 100000 31
764 100000 57
768 100000 81
772 100000 25
776 100000 50
780 100000 75
784 100000 25
788 100000 50
792 100000 75
796 100000 25
800 100000 51
804 100000 75
808 100000 39
812 100000 62
816 100000 87
820 100000 36
824 100000 63
828 100000 86
832 100000 25
836 100000 49
840 100000 72
844 100000 37
848 100000 76
856 100000 38
860 100000 76
852 100000 187
868 100000 42
872 100000 76
864 100000 200
880 100000 38
884 100000 75
892 100000 39
896 100000 77
904 100000 39
908 100000 76
916 100000 40
920 100000 76
928 100000 38
932 100000 75
940 100000 38
944 100000 77
952 100000 40
956 100000 76
964 100000 35
968 100000 78
976 100000 46
980 100000 90
988 100000 47
992 100000 90
1000 100000 46
1004 100000 92
1012 100000 46
1016 100000 89
1024 100000 46
1028 100000 91
1036 100000 46
1040 100000 92
1048 100000 45
1052 100000 89
1060 100000 46
1064 100000 91
1072 100000 46
1076 100000 91
1084 100000 46
1088 100000 89
1096 100000 52
1108 100000 52
1100 100000 152
1120 100000 52
1112 100000 152
1132 100000 52
1124 100000 152
1144 100000 52
1136 100000 153
1156 100000 52
1148 100000 153
1168 100000 52
1160 100000 153
1180 100000 51
1172 100000 154
1192 100000 52
1184 100000 153
1196 100000 106
1200 100000 153
876 47829 2881
888 89952 2785
900 36061 2717
912 96907 2618
924 38532 2545
936 94794 2445
948 47688 2353
960 63797 2261
972 20549 2193
984 25409 2124
996 29430 2054
1008 20063 1989
1020 28281 1919
1032 27129 1851
1044 19942 1785
1056 30712 1714
1068 21771 1648
1080 89150 1550
1092 3492 1492
1104 0 1434
1116 0 1377
1128 12 1319
1140 0 1260
1152 0 1205
1164 0 1147
1176 0 1087
1188 0 1029
