4 100000 43
8 100000 72
12 100000 89
16 100000 25
20 100000 48
24 100000 71
28 100000 25
32 100000 48
36 100000 71
40 100000 25
44 100000 48
48 100000 70
52 100000 24
56 100000 49
60 100000 70
64 100000 54
68 100000 77
76 100000 27
80 100000 51
72 100000 150
84 100000 76
88 100000 26
92 100000 50
96 100000 75
100 100000 26
104 100000 51
108 100000 74
112 100000 42
116 100000 64
120 100000 88
124 100000 26
128 100000 51
132 100000 74
136 100000 26
140 100000 51
144 100000 75
148 100000 26
152 100000 50
156 100000 76
160 100000 27
164 100000 51
168 100000 75
172 100000 26
176 100000 50
180 100000 74
184 100000 27
188 100000 45
192 100000 70
196 100000 42
200 100000 65
204 100000 90
208 100000 25
212 100000 50
216 100000 75
220 100000 26
224 100000 50
228 100000 74
232 100000 39
236 100000 63
240 100000 86
244 100000 25
248 100000 50
252 100000 74
256 100000 26
260 100000 50
264 100000 75
268 100000 25
272 100000 50
276 100000 75
280 100000 53
284 100000 79
288 100000 100
292 100000 27
296 100000 51
300 100000 76
304 100000 35
308 100000 58
312 100000 83
316 100000 22
320 100000 44
324 100000 65
328 100000 22
332 100000 43
336 100000 65
340 100000 22
344 100000 43
348 100000 64
352 100000 53
356 100000 81
360 100000 97
364 100000 22
368 100000 43
372 100000 64
376 100000 43
380 100000 63
384 100000 83
388 100000 50
392 100000 70
396 100000 92
400 100000 29
404 100000 48
408 100000 69
412 100000 23
416 100000 43
420 100000 65
424 100000 22
428 100000 43
432 100000 65
436 100000 48
440 100000 71
444 100000 92
448 100000 24
452 100000 45
456 100000 67
460 100000 23
464 100000 45
468 100000 68
472 100000 24
476 100000 46
480 100000 68
484 100000 24
488 100000 45
492 100000 67
496 100000 23
500 100000 45
504 100000 67
508 100000 23
512 100000 45
516 100000 68
520 100000 25
524 100000 45
528 100000 67
532 100000 24
536 100000 45
540 100000 67
544 100000 24
548 100000 46
552 100000 68
556 100000 24
560 100000 45
564 100000 69
568 100000 50
572 100000 73
576 100000 97
580 100000 26
584 100000 50
588 100000 73
592 100000 26
596 100000 50
600 100000 74
604 100000 28
608 100000 54
612 100000 76
616 100000 27
620 100000 51
624 100000 74
628 100000 26
632 100000 51
636 100000 73
640 100000 26
644 100000 52
648 100000 73
652 100000 25
656 100000 49
660 100000 74
664 100000 27
668 100000 51
672 100000 74
676 100000 26
680 100000 50
684 100000 74
688 100000 45
692 100000 68
696 100000 92
700 100000 26
704 100000 51
708 100000 77
712 100000 26
716 100000 51
720 100000 76
724 100000 27
728 100000 51
732 100000 76
736 100000 27
740 100000 52
744 100000 76
748 100000 55
752 100000 79
760 100000 28
764 100000 53
756 100000 153
768 100000 80
772 100000 27
776 100000 52
780 100000 76
784 100000 27
788 100000 52
792 100000 77
796 100000 27
800 100000 52
804 100000 76
808 100000 54
812 100000 85
820 100000 41
824 100000 78
816 100000 197
832 100000 40
836 100000 78
844 100000 42
848 100000 78
856 100000 39
860 100000 76
868 100000 43
872 100000 79
880 100000 40
884 100000 78
892 100000 40
896 100000 79
904 100000 42
908 100000 78
916 100000 43
920 100000 78
928 100000 41
932 100000 79
940 100000 27
944 100000 50
936 100000 188
952 100000 47
956 100000 92
964 100000 48
968 100000 92
976 100000 48
980 100000 94
988 100000 49
992 100000 92
1000 100000 48
1004 100000 92
1012 100000 48
1016 100000 93
1024 100000 47
1028 100000 92
1036 100000 47
1040 100000 93
1048 100000 49
1052 100000 91
1060 100000 48
1064 100000 89
1072 100000 52
1084 100000 52
1076 100000 152
1088 100000 151
1096 100000 53
1108 100000 55
1100 100000 155
1120 100000 54
1112 100000 153
1132 100000 53
1124 100000 155
1144 100000 52
1136 100000 155
1156 100000 53
1148 100000 157
1168 100000 52
1160 100000 156
1180 100000 54
1172 100000 157
1192 100000 49
1184 100000 149
1196 100000 64
1188 100000 198
1200 100000 140
828 64578 3257
840 66234 3170
852 73956 3082
864 64055 2998
876 79155 2907
888 54685 2829
900 82324 2732
912 48545 2655
924 70820 2569
948 36732 2395
960 25674 2326
972 26322 2259
984 22491 2191
996 26813 2121
1008 25370 2054
1020 21675 1986
1032 27776 1919
1044 20965 1851
1056 81866 1752
1068 3002 1693
1080 0 1635
1092 0 1578
1104 499 1519
1116 0 1460
1128 0 1404
1140 0 1345
1152 0 1287
1164 0 1232
1176 0 1172
