4 100000 67
8 100000 128
16 100000 93
20 100000 154
28 100000 118
32 100000 188
40 100000 140
44 100000 163
52 100000 87
56 100000 121
64 100000 45
60 100000 168
68 100000 92
72 100000 114
76 100000 38
80 100000 60
84 100000 87
88 100000 26
92 100000 48
96 100000 71
12 0 778
100 100000 24
104 100000 47
108 100000 70
24 0 773
36 0 696
112 100000 27
116 100000 48
120 100000 71
48 52146 678
124 100000 25
128 100000 46
132 100000 69
136 100000 44
140 100000 81
144 100000 104
148 100000 29
152 100000 49
156 100000 72
160 100000 22
164 100000 46
168 100000 69
172 100000 25
176 100000 45
180 100000 69
184 100000 24
188 100000 49
192 100000 72
196 100000 24
200 100000 49
204 100000 73
208 100000 26
212 100000 48
216 100000 73
220 100000 24
224 100000 49
228 100000 74
232 100000 24
236 100000 49
240 100000 73
244 100000 25
248 100000 48
252 100000 73
256 100000 25
260 100000 49
264 100000 73
268 100000 25
272 100000 48
276 100000 73
280 100000 24
284 100000 50
288 100000 73
292 100000 25
296 100000 49
300 100000 74
304 100000 24
308 100000 43
312 100000 61
316 100000 43
320 100000 70
324 100000 93
328 100000 24
332 100000 49
336 100000 73
340 100000 25
344 100000 49
348 100000 73
352 100000 25
356 100000 49
360 100000 73
364 100000 25
368 100000 49
372 100000 73
376 100000 25
380 100000 49
384 100000 73
388 100000 25
392 100000 51
396 100000 73
400 100000 25
404 100000 50
408 100000 74
412 100000 25
416 100000 49
420 100000 74
424 100000 25
428 100000 49
432 100000 73
436 100000 43
440 100000 73
444 100000 91
448 100000 24
452 100000 42
456 100000 63
460 100000 23
464 100000 42
468 100000 64
472 100000 21
476 100000 41
480 100000 63
484 100000 22
488 100000 44
492 100000 63
496 100000 40
500 100000 65
504 100000 85
508 100000 36
512 100000 56
516 100000 78
520 100000 22
524 100000 42
528 100000 63
532 100000 22
536 100000 42
540 100000 64
544 100000 46
548 100000 69
552 100000 89
556 100000 29
560 100000 51
564 100000 73
568 100000 39
572 100000 59
576 100000 81
580 100000 23
584 100000 44
588 100000 66
592 100000 42
596 100000 65
600 100000 86
604 100000 35
608 100000 56
612 100000 76
616 100000 43
620 100000 66
624 100000 87
628 100000 22
632 100000 46
636 100000 67
640 100000 22
644 100000 43
648 100000 66
652 100000 42
656 100000 63
660 100000 85
664 100000 31
668 100000 53
672 100000 75
676 100000 23
680 100000 44
684 100000 66
688 100000 43
692 100000 69
696 100000 90
700 100000 29
704 100000 53
708 100000 76
712 100000 25
716 100000 49
720 100000 74
724 100000 25
728 100000 48
732 100000 73
736 100000 25
740 100000 49
744 100000 73
748 100000 25
752 100000 48
756 100000 73
760 100000 25
764 100000 49
768 100000 72
772 100000 34
776 100000 57
780 100000 80
784 100000 34
788 100000 57
792 100000 79
796 100000 29
800 100000 52
804 100000 77
808 100000 24
812 100000 38
816 100000 62
820 100000 27
824 100000 50
828 100000 75
832 100000 39
836 100000 65
840 100000 88
844 100000 26
848 100000 51
852 100000 75
856 100000 32
860 100000 56
864 100000 81
868 100000 26
872 100000 51
876 100000 75
880 100000 39
884 100000 64
888 100000 89
892 100000 26
896 100000 52
900 100000 76
904 100000 34
908 100000 59
912 100000 83
916 100000 26
920 100000 50
924 100000 75
928 100000 38
932 100000 63
936 100000 87
940 100000 38
944 100000 78
948 100000 113
952 100000 50
956 100000 90
964 100000 41
960 100000 163
968 100000 100
976 100000 40
972 100000 175
980 100000 112
988 100000 50
984 100000 187
992 100000 127
1000 100000 62
996 100000 199
1004 100000 137
1012 100000 76
1016 100000 128
1024 100000 66
1028 100000 139
1036 100000 77
1040 100000 128
1048 100000 65
1052 100000 140
1060 100000 70
1064 100000 137
1072 100000 82
1076 100000 132
1084 100000 76
1088 100000 132
1096 100000 78
1100 100000 129
1108 100000 74
1112 100000 133
1120 100000 78
1124 100000 133
1132 100000 76
1136 100000 131
1144 100000 76
1148 100000 132
1156 100000 77
1160 100000 132
1168 100000 77
1172 100000 131
1180 100000 76
1184 100000 120
1192 100000 64
1196 100000 143
1200 100000 195
1020 89865 1722
1008 45961 1824
1032 37653 1654
1044 92191 1555
1056 56290 1480
1068 12935 1423
1080 24445 1361
1092 19694 1302
1104 35207 1235
1116 21665 1175
1128 24962 1112
1140 26714 1050
1152 26523 988
1164 22338 927
1176 30945 863
1188 61632 783
