4 200000 31
8 200000 49
12 200000 67
16 200000 20
20 200000 38
24 200000 56
28 200000 22
32 200000 39
36 200000 58
40 200000 29
44 200000 46
48 200000 64
52 200000 19
56 200000 37
60 200000 54
64 200000 26
68 200000 45
72 200000 62
76 200000 54
80 200000 70
84 200000 87
88 200000 28
92 200000 46
96 200000 64
100 200000 20
104 200000 37
108 200000 54
112 200000 27
116 200000 47
120 200000 64
124 200000 20
128 200000 37
132 200000 55
136 200000 30
140 200000 46
144 200000 63
148 200000 20
152 200000 39
156 200000 57
160 200000 30
164 200000 52
168 200000 70
172 200000 46
176 200000 66
180 200000 82
184 200000 19
188 200000 37
192 200000 55
196 200000 51
200 200000 69
204 200000 85
208 200000 22
212 200000 38
216 200000 55
220 200000 21
224 200000 39
228 200000 57
232 200000 27
236 200000 46
240 200000 64
244 200000 19
248 200000 39
252 200000 56
256 200000 21
260 200000 39
264 200000 56
268 200000 56
272 200000 74
276 200000 90
280 200000 20
284 200000 37
288 200000 55
292 200000 24
296 200000 42
300 200000 60
304 200000 22
308 200000 41
312 200000 59
316 200000 21
320 200000 38
324 200000 56
328 200000 22
332 200000 38
336 200000 56
340 200000 22
344 200000 40
348 200000 57
352 200000 22
356 200000 39
360 200000 57
364 200000 21
368 200000 39
372 200000 57
376 200000 28
380 200000 47
384 200000 64
388 200000 20
392 200000 38
396 200000 55
400 200000 32
404 200000 54
408 200000 71
412 200000 20
416 200000 38
420 200000 55
424 200000 50
428 200000 67
432 200000 84
436 200000 22
440 200000 40
444 200000 56
448 200000 70
452 200000 123
456 200000 177
460 200000 137
472 200000 149
484 200000 143
496 200000 146
508 200000 145
520 200000 144
532 200000 150
544 200000 139
556 200000 145
568 200000 144
580 200000 144
592 200000 146
604 200000 145
616 200000 145
628 200000 146
640 200000 145
652 200000 149
664 200000 146
676 200000 151
688 200000 149
700 200000 139
712 200000 148
724 200000 150
736 200000 147
748 200000 147
760 200000 151
772 200000 145
784 200000 146
796 200000 149
808 200000 150
820 200000 151
832 200000 134
844 200000 162
856 200000 146
868 200000 148
880 200000 143
892 200000 158
904 200000 135
916 200000 164
928 200000 148
940 200000 153
952 200000 152
964 200000 145
976 200000 155
988 200000 137
1000 200000 151
1012 200000 139
1024 200000 140
1036 200000 145
1040 200000 186
1048 200000 131
1052 200000 174
1060 200000 135
1064 200000 177
1072 200000 144
1076 200000 186
1084 200000 122
1088 200000 171
1096 200000 152
1100 200000 196
1108 200000 133
1112 200000 169
1120 200000 166
1132 200000 143
1136 200000 185
1144 200000 136
1148 200000 183
1156 200000 145
1160 200000 187
1168 200000 122
1172 200000 170
1180 200000 125
1184 200000 176
1192 200000 153
1204 200000 137
1208 200000 188
1216 200000 119
1220 200000 171
1228 200000 153
1232 200000 190
1240 200000 153
1252 200000 141
1256 181534 201
1264 200000 132
1268 200000 183
1276 200000 129
1280 200000 169
1288 200000 135
1292 200000 180
1300 200000 148
1304 200000 184
1312 200000 173
1324 200000 133
1328 200000 181
1336 200000 167
1348 200000 129
1352 200000 178
1360 200000 133
1364 200000 166
1372 200000 142
1376 200000 187
1384 200000 112
1388 200000 155
1392 200000 199
1396 200000 165
1408 200000 164
1420 200000 118
1424 200000 159
1432 200000 159
1444 200000 165
1456 200000 159
1460 186838 204
1468 200000 156
1472 191934 205
1480 200000 158
1484 200000 189
1492 200000 111
1496 200000 159
1500 200000 190
1504 200000 153
1508 200000 191
1516 200000 149
1520 200000 194
1528 200000 151
1540 200000 152
1544 200000 183
1552 200000 159
1556 200000 188
1576 200000 143
1580 200000 183
1588 200000 149
1592 200000 196
1600 200000 141
1604 154059 214
1612 200000 132
1616 200000 169
1624 200000 116
1628 200000 184
1636 200000 182
1648 200000 175
1660 200000 119
1664 200000 176
1684 200000 160
1696 200000 154
1708 200000 140
1720 200000 163
1732 200000 154
1744 200000 155
1756 200000 151
1768 200000 149
1780 200000 155
1792 200000 155
1804 200000 156
1816 200000 154
1828 200000 150
1840 200000 151
1852 200000 160
1864 200000 151
1876 200000 156
1888 200000 149
1900 200000 150
1912 200000 148
1924 200000 159
1936 200000 160
1948 200000 150
1960 200000 152
1972 200000 154
1984 200000 154
1996 200000 149
2008 200000 151
2020 200000 150
2032 200000 168
2044 200000 150
2056 200000 152
2068 200000 141
2080 200000 172
2092 200000 158
2104 200000 150
2116 200000 154
2128 200000 168
2140 200000 137
2152 200000 178
2164 200000 145
2176 200000 162
2188 200000 167
2200 200000 149
2212 200000 156
2224 200000 165
2236 200000 156
2248 200000 143
2260 200000 178
2272 200000 161
2284 200000 155
2296 200000 166
2308 200000 155
2320 200000 145
2332 200000 185
2344 200000 150
2356 200000 163
2368 200000 163
2380 200000 174
2392 200000 170
464 140855 16313
468 53419 16362
476 75526 16314
480 66961 16365
488 111343 16287
492 57105 16336
500 82875 16277
504 73758 16323
512 84017 16268
516 68652 16302
524 104148 16238
528 78476 16281
536 67305 16228
540 55846 16282
548 101604 16207
552 74825 16255
560 85074 16190
564 68259 16243
572 95177 16182
576 70474 16234
584 88058 16160
588 68918 16211
596 89358 16137
600 68693 16185
608 85170 16132
612 75971 16162
620 88813 16090
624 80722 16133
632 70624 16082
636 68664 16113
644 131904 16044
648 47814 16101
656 76463 16027
660 61649 16079
668 104679 15998
672 78255 16032
680 102357 15970
684 61573 16016
692 75627 15967
696 61143 15997
704 128225 15914
708 56217 15964
716 82053 15916
720 69453 15941
728 84412 15869
732 66770 15917
740 84596 15845
744 62527 15899
752 132753 15809
756 56767 15845
764 72096 15792
768 64835 15840
776 98686 15781
780 67790 15812
788 102990 15753
792 59574 15801
800 127958 15718
804 39937 15771
812 92572 15720
816 75537 15742
824 63394 15679
828 63229 15730
836 186409 15632
840 49159 15662
848 52716 15613
852 52328 15663
860 126642 15579
864 49943 15630
872 99862 15576
876 61607 15601
884 132623 15517
888 55011 15567
896 56897 15499
900 57744 15552
908 180565 15455
912 50092 15487
920 60134 15444
924 54533 15474
932 121732 15391
936 64326 15435
944 124706 15353
948 28956 15416
956 118649 15329
960 37955 15364
968 130427 15303
972 58393 15343
980 68895 15269
984 56550 15312
992 135990 15223
996 66634 15258
1004 78093 15213
1008 59703 15236
1016 105739 15157
1020 64446 15210
1028 183363 15115
1032 23373 15176
1044 1283 15113
1056 105386 15033
1068 89367 14973
1080 1291 14934
1092 122480 14841
1104 27103 14816
1116 107200 14724
1124 188878 14637
1128 0 14675
1140 45185 14673
1152 28402 14601
1164 38528 14547
1176 59550 14465
1188 75775 14402
1196 92454 14353
1200 80489 14385
1212 0 14343
1224 116850 14242
1236 12910 14202
1244 83274 14143
1248 80033 14175
1260 0 14135
1272 41312 14072
1284 14919 14015
1296 65841 13953
1308 69714 13878
1316 113088 13822
1320 25820 13870
1332 100772 13782
1340 141985 13717
1344 0 13771
1356 60677 13697
1368 8467 13635
1380 56804 13587
1400 49941 13424
1404 43894 13463
1412 55089 13422
1416 51640 13461
1428 176007 13339
1436 156202 13243
1440 36871 13287
1448 176358 13206
1452 0 13259
1464 0 13214
1476 0 13178
1488 28306 13131
1512 27967 12952
1524 0 12903
1532 98261 12841
1536 0 12900
1548 99407 12818
1560 58095 12745
1564 147478 12695
1568 25811 12739
1572 25820 12786
1584 90370 12708
1596 10328 12653
1608 0 12606
1620 9445 12547
1632 65841 12463
1640 14201 12463
1644 16783 12513
1652 55819 12413
1656 61968 12450
1668 53268 12371
1672 108409 12354
1676 27282 12401
1680 35617 12446
1688 61564 12394
1692 57974 12432
1700 55576 12374
1704 54486 12412
1712 172779 12314
1716 40840 12357
1724 59250 12297
1728 58908 12335
1736 165708 12250
1740 1677 12302
1748 139382 12220
1752 7746 12273
1760 93185 12199
1764 43892 12241
1772 96542 12170
1776 55421 12209
1784 138055 12129
1788 9029 12181
1796 59493 12120
1800 56677 12157
1808 136547 12073
1812 34811 12132
1820 63476 12066
1824 64649 12102
1832 98518 12031
1836 52311 12072
1844 158092 11983
1848 4854 12038
1856 45140 11982
1860 44361 12025
1868 102396 11952
1872 36301 11997
1880 68804 11937
1884 27103 11985
1892 79255 11918
1896 56119 11958
1904 83007 11891
1908 52524 11930
1916 117708 11847
1920 27813 11894
1928 46886 11834
1932 48889 11878
1940 42742 11830
1944 42834 11873
1952 69209 11808
1956 59997 11847
1964 68362 11782
1968 52430 11821
1976 56933 11767
1980 51623 11806
1988 57348 11746
1992 58933 11785
2000 64588 11724
2004 60662 11763
2012 59670 11703
2016 61832 11740
2024 159456 11646
2028 1291 11699
2036 25741 11651
2040 25812 11698
2048 92246 11629
2052 35821 11675
2060 58387 11617
2064 39560 11661
2072 134169 11571
2076 20656 11622
2084 24290 11586
2088 25820 11632
2096 42038 11581
2100 36140 11624
2108 63780 11562
2112 53895 11581
2120 75566 11493
2124 60669 11509
2132 33558 11433
2136 35761 11452
2144 156562 11343
2148 39606 11363
2156 10328 11308
2160 8333 11332
2168 140968 11233
2172 21939 11257
2180 52931 11175
2184 42433 11194
2192 25303 11129
2196 25772 11151
2204 149857 11058
2208 0 11084
2216 50405 10990
2220 47685 11006
2228 45851 10933
2232 45593 10950
2240 59294 10858
2244 32385 10875
2252 87070 10775
2256 48601 10791
2264 16757 10718
2268 18003 10735
2276 22949 10659
2280 21913 10675
2288 44115 10593
2292 45115 10608
2300 29217 10529
2304 30928 10544
2312 40442 10463
2316 40665 10477
2324 165272 10365
2328 9015 10382
2336 3867 10316
2340 2578 10337
2348 123066 10229
2352 19548 10245
2360 76496 10156
2364 35598 10177
2372 30936 10077
2376 29854 10091
2384 32217 10023
2388 32225 10039
2396 38670 9958
2400 39959 9973
