4 200000 101
16 200000 59
20 200000 152
28 200000 110
40 200000 121
52 200000 77
56 200000 135
64 200000 92
68 200000 149
76 200000 107
88 200000 98
100 200000 58
104 200000 159
112 200000 110
124 200000 65
128 200000 141
136 200000 95
140 200000 152
148 200000 108
160 200000 62
164 200000 148
172 200000 103
184 200000 58
188 200000 151
196 200000 104
200 200000 163
208 200000 119
220 200000 72
224 200000 140
232 200000 92
236 200000 151
244 200000 104
256 200000 61
260 200000 145
268 200000 98
280 200000 59
284 200000 148
292 200000 103
304 200000 58
308 200000 145
316 200000 99
320 200000 156
328 200000 110
340 200000 66
344 200000 140
352 200000 94
356 200000 152
364 200000 105
376 200000 61
380 200000 145
388 200000 100
392 200000 158
400 200000 110
412 200000 67
416 200000 145
424 200000 96
436 200000 57
440 200000 156
448 200000 108
460 200000 63
464 200000 144
472 200000 95
484 200000 59
488 200000 147
496 200000 101
500 200000 161
508 200000 113
520 200000 70
524 200000 135
532 200000 90
536 200000 153
544 200000 102
556 200000 58
560 200000 152
568 200000 100
580 200000 105
592 200000 61
596 200000 144
604 200000 95
616 200000 56
620 200000 150
628 200000 102
640 200000 58
644 200000 150
652 200000 102
664 200000 57
668 200000 145
676 200000 97
688 200000 57
692 200000 148
700 200000 98
712 200000 66
716 200000 149
724 200000 98
736 200000 93
740 200000 158
748 200000 105
760 200000 60
764 200000 142
772 200000 93
776 200000 156
784 200000 103
796 200000 59
800 200000 148
808 200000 98
820 200000 77
824 200000 151
832 200000 100
844 200000 99
856 200000 107
868 200000 63
872 200000 137
880 200000 92
884 200000 153
892 200000 102
904 200000 57
908 200000 140
916 200000 91
920 200000 155
928 200000 102
932 200000 165
940 200000 112
952 200000 67
956 200000 134
964 200000 89
968 200000 156
976 200000 99
988 200000 87
1000 200000 56
1004 200000 145
1012 200000 97
1024 200000 90
1036 200000 57
1040 200000 141
1048 200000 96
1060 200000 105
1072 200000 60
1076 200000 141
1084 200000 98
1088 200000 160
1096 200000 105
1108 200000 61
1112 200000 140
1120 200000 94
1124 200000 155
1132 200000 105
1144 200000 59
1148 200000 137
1156 200000 93
1160 200000 147
1168 200000 103
1180 200000 58
1184 200000 132
1192 200000 86
1196 200000 142
1204 200000 108
1216 200000 62
1220 200000 126
1228 200000 82
1232 200000 136
1240 200000 92
1244 200000 147
1252 200000 99
1264 200000 56
1268 200000 140
1276 200000 95
1280 200000 149
1288 200000 104
1300 200000 59
1304 200000 132
1312 200000 86
1316 200000 139
1324 200000 95
1328 200000 148
1336 200000 104
1348 200000 58
1352 200000 136
1360 200000 88
1364 200000 145
1372 200000 97
1384 200000 56
1396 200000 56
1400 200000 155
1408 200000 109
1420 200000 64
1424 200000 149
1432 200000 99
1444 200000 60
1448 200000 156
1456 200000 106
1468 200000 61
1472 200000 153
1480 200000 105
1492 200000 64
1496 200000 154
1504 200000 107
1508 200000 161
1516 200000 114
1528 200000 71
1532 200000 139
1540 200000 101
1544 200000 151
1552 200000 103
1564 200000 59
1568 200000 154
1576 200000 108
1580 200000 162
1588 200000 117
1600 200000 73
1604 200000 151
1612 200000 112
1616 200000 167
1624 200000 120
1636 200000 86
1640 200000 142
1648 200000 100
1660 200000 59
1672 200000 110
1684 200000 75
1688 200000 158
1696 200000 116
1700 200000 175
1708 200000 134
1720 200000 146
1732 200000 145
1744 200000 117
1756 200000 83
1760 200000 153
1768 200000 112
1780 200000 68
1792 200000 111
1804 200000 78
1808 200000 153
1816 200000 117
1820 200000 178
1828 200000 141
1840 200000 143
1852 200000 109
1864 200000 73
1868 200000 147
1876 200000 114
1880 200000 176
1888 200000 143
1900 200000 105
1904 200000 168
1912 200000 127
1924 200000 97
1928 200000 164
1936 200000 140
1948 200000 147
1960 200000 156
1972 200000 148
1984 200000 141
1996 200000 121
2000 200000 186
2008 200000 139
2020 200000 108
2032 200000 95
2036 200000 166
2044 200000 115
2056 200000 76
2060 200000 151
2068 200000 109
2080 200000 89
2084 200000 172
2092 200000 124
2104 200000 84
2108 200000 153
2116 200000 119
2120 200000 187
2128 200000 158
2140 200000 148
2152 200000 143
2164 200000 147
2176 200000 136
2180 200000 198
2188 200000 152
2200 200000 131
2212 200000 117
2216 200000 179
2224 200000 117
2236 200000 89
2248 200000 69
2260 200000 83
2272 200000 77
2284 200000 75
2296 200000 79
2300 200000 152
2308 200000 123
2320 200000 154
2332 200000 144
2344 200000 137
2356 200000 150
2368 200000 144
2380 200000 142
2392 200000 152
8 157015 20165
32 198670 19970
44 10968 19948
80 124038 19662
92 154622 19577
116 63374 19418
152 96125 19163
176 131426 18980
212 30096 18734
248 96333 18487
272 125492 18302
296 106146 18133
332 55469 17890
368 92230 17619
404 68796 17373
428 157751 17185
452 75432 17035
476 140091 16852
512 38307 16616
548 109622 16344
572 181141 16150
584 81949 16083
608 147510 15916
632 110461 15736
656 109376 15571
680 127504 15392
704 106301 15217
728 148680 15046
752 81669 14877
788 107461 14618
812 134393 14435
836 160041 14247
848 200000 14146
860 69199 14097
896 92552 13859
944 45367 13490
980 155475 13203
992 131251 13120
1016 164543 12930
1028 123173 12867
1052 199923 12667
1064 93961 12604
1100 93595 12331
1136 90904 12067
1172 75050 11807
1208 39422 11562
1256 114053 11184
1292 64153 10936
1376 166668 10279
1340 88143 10600
1388 168395 10199
1412 113213 10019
1436 126866 9838
1460 140276 9664
1484 135521 9482
1520 53774 9232
1556 146673 8946
1592 66011 8690
1628 25734 8444
1652 153053 8262
1664 200000 8167
1676 83233 8100
1712 180169 7811
1724 142208 7725
1736 0 7679
1748 32996 7635
1772 72719 7475
1784 200000 7377
1796 48033 7322
1832 131806 7050
1844 0 7009
1856 44540 6957
1892 0 6717
1916 0 6575
1940 150706 6398
1952 157340 6311
1964 105768 6238
1976 92030 6158
1988 0 6113
2012 0 5972
2024 29052 5925
2048 22881 5776
2072 23628 5633
2096 11619 5485
2132 108702 5227
2144 0 5161
2156 173405 5093
2168 0 5033
2192 0 4890
2204 0 4862
2228 10328 4696
2240 82740 4634
2252 104102 4571
2264 54222 4524
2276 111903 4452
2288 27111 4403
2312 188804 4200
2324 59892 4135
2336 128293 4041
2348 0 3977
2360 88766 3950
2372 133843 3858
2384 144479 3750
2396 122645 3657
12 0 23661
24 0 23616
36 0 23573
48 0 23528
60 0 23482
72 0 23436
84 0 23395
96 0 23344
108 0 23300
120 0 23254
132 0 23208
144 0 23162
156 0 23125
168 0 23078
180 0 23032
192 0 22987
204 0 22942
216 0 22896
228 0 22850
240 0 22804
252 0 22760
264 0 22713
276 0 22672
288 0 22622
300 0 22578
312 0 22532
324 0 22487
336 0 22441
348 0 22396
360 0 22350
372 0 22304
384 0 22261
396 0 22213
408 0 22169
420 0 22123
432 0 22077
444 0 22032
456 0 21988
468 0 21941
480 0 21905
492 0 21859
504 0 21816
516 0 21769
528 0 21724
540 0 21678
552 0 21634
564 0 21588
576 0 21543
588 0 21498
600 0 21453
612 0 21407
624 0 21364
636 0 21317
648 0 21274
660 0 21227
672 0 21186
684 0 21138
696 0 21093
708 0 21047
720 0 21003
732 0 20956
744 0 20911
756 0 20867
768 0 20821
780 0 20777
792 0 20739
804 0 20696
816 0 20649
828 0 20604
840 0 20560
852 0 20515
864 0 20470
876 0 20425
888 0 20381
900 0 20335
912 0 20290
924 0 20246
936 0 20203
948 0 20155
960 0 20111
972 0 20067
984 0 20021
996 0 19976
1008 0 19931
1020 0 19887
1032 0 19843
1044 0 19797
1056 0 19752
1068 0 19709
1080 0 19663
1092 0 19619
1104 0 19574
1116 0 19536
1128 0 19492
1140 0 19446
1152 0 19403
1164 0 19358
1176 0 19313
1188 0 19268
1200 0 19225
1212 0 19183
1224 0 19135
1236 0 19091
1248 0 19049
1260 0 19002
1272 0 18959
1284 0 18914
1296 0 18869
1308 0 18826
1320 0 18781
1332 0 18737
1344 0 18696
1356 0 18650
1368 0 18604
1380 0 18558
1392 0 18515
1404 0 18473
1416 0 18438
1428 0 18400
1440 0 18350
1452 0 18312
1464 0 18266
1476 0 18222
1488 0 18177
1500 0 18137
1512 0 18090
1524 0 18044
1536 0 18002
1548 0 17961
1560 0 17913
1572 0 17871
1584 0 17826
1596 0 17781
1608 0 17738
1620 0 17695
1632 0 17647
1644 0 17604
1656 0 17559
1668 0 17519
1680 0 17466
1692 0 17429
1704 0 17386
1716 0 17337
1728 0 17292
1740 0 17246
1752 0 17209
1764 0 17168
1776 0 17119
1788 0 17076
1800 0 17028
1812 0 16989
1824 0 16947
1836 0 16903
1848 0 16856
1860 0 16814
1872 0 16771
1884 0 16729
1896 0 16683
1908 0 16642
1920 0 16592
1932 0 16554
1944 0 16511
1956 0 16467
1968 0 16417
1980 0 16362
1992 0 16316
2004 0 16296
2016 0 16239
2028 0 16197
2040 0 16168
2052 0 16107
2064 0 16064
2076 0 16015
2088 0 15989
2100 0 15927
2112 0 15884
2124 0 15841
2136 0 15791
2148 0 15739
2160 0 15718
2172 0 15655
2184 0 15629
2196 0 15577
2208 0 15551
2220 0 15517
2232 0 15439
2244 0 15402
2256 0 15367
2268 0 15336
2280 0 15291
2292 0 15253
2304 0 15210
2316 0 15160
2328 0 15112
2340 0 15055
2352 0 14993
2364 0 14990
2376 0 14936
2388 0 14867
2400 0 14824
