4 200000 61
8 200000 78
16 200000 32
12 200000 140
20 200000 74
24 200000 101
28 200000 32
32 200000 58
36 200000 86
40 200000 28
44 200000 53
48 200000 80
52 200000 26
56 200000 49
60 200000 74
64 200000 30
68 200000 57
72 200000 87
76 200000 27
80 200000 53
84 200000 77
88 200000 26
92 200000 54
96 200000 78
100 200000 25
104 200000 50
108 200000 78
112 200000 28
116 200000 51
120 200000 74
124 200000 33
128 200000 60
132 200000 81
136 200000 26
140 200000 46
144 200000 68
148 200000 23
152 200000 44
156 200000 67
160 200000 24
164 200000 47
168 200000 66
172 200000 23
176 200000 45
180 200000 65
184 200000 26
188 200000 48
192 200000 69
196 200000 25
200 200000 47
204 200000 68
208 200000 27
212 200000 46
216 200000 69
220 200000 27
224 200000 45
228 200000 67
232 200000 26
236 200000 47
240 200000 69
244 200000 27
248 200000 47
252 200000 71
256 200000 26
260 200000 47
264 200000 68
268 200000 24
272 200000 45
276 200000 66
280 200000 33
284 200000 58
288 200000 83
292 200000 27
296 200000 47
300 200000 76
304 200000 28
308 200000 55
312 200000 79
316 200000 31
320 200000 54
324 200000 76
328 200000 28
332 200000 54
336 200000 78
340 200000 26
344 200000 49
348 200000 72
352 200000 28
356 200000 50
360 200000 72
364 200000 26
368 200000 53
372 200000 77
376 200000 29
380 200000 54
384 200000 79
388 200000 26
392 200000 51
396 200000 74
400 200000 29
404 200000 52
408 200000 73
412 200000 23
416 200000 45
420 200000 67
424 200000 23
428 200000 45
432 200000 66
436 200000 25
440 200000 46
444 200000 70
448 200000 29
452 200000 50
456 200000 72
460 200000 25
464 200000 53
468 200000 78
472 200000 28
476 200000 65
480 200000 88
484 200000 25
488 200000 52
492 200000 86
496 200000 27
500 200000 50
504 200000 74
508 200000 27
512 200000 49
516 200000 73
520 200000 25
524 200000 50
528 200000 76
532 200000 24
536 200000 47
540 200000 69
544 200000 27
548 200000 45
552 200000 68
556 200000 24
560 200000 45
564 200000 77
568 200000 24
572 200000 46
576 200000 68
580 200000 25
584 200000 59
588 200000 80
592 200000 23
596 200000 45
600 200000 69
604 200000 25
608 200000 48
612 200000 69
616 200000 24
620 200000 48
624 200000 72
628 200000 27
632 200000 48
636 200000 73
640 200000 23
644 200000 52
648 200000 77
652 200000 30
656 200000 50
660 200000 71
664 200000 24
668 200000 45
672 200000 67
676 200000 27
680 200000 48
684 200000 71
688 200000 26
692 200000 48
696 200000 73
700 200000 24
704 200000 45
708 200000 67
712 200000 26
716 200000 50
720 200000 70
724 200000 23
728 200000 46
732 200000 67
736 200000 24
740 200000 47
744 200000 68
748 200000 31
752 200000 55
756 200000 78
760 200000 24
764 200000 47
768 200000 70
772 200000 25
776 200000 54
780 200000 78
784 200000 24
788 200000 45
792 200000 67
796 200000 28
800 200000 50
804 200000 76
808 200000 24
812 200000 47
816 200000 69
820 200000 25
824 200000 49
828 200000 71
832 200000 25
836 200000 50
840 200000 69
844 200000 24
848 200000 45
852 200000 67
856 200000 25
860 200000 47
864 200000 69
868 200000 23
872 200000 45
876 200000 68
880 200000 28
884 200000 50
888 200000 72
892 200000 28
896 200000 49
900 200000 71
904 200000 24
908 200000 46
912 200000 71
916 200000 24
920 200000 47
924 200000 68
928 200000 27
932 200000 48
936 200000 68
940 200000 46
944 200000 69
948 200000 91
952 200000 24
956 200000 45
960 200000 70
964 200000 26
968 200000 47
972 200000 69
976 200000 28
980 200000 48
984 200000 72
988 200000 24
992 200000 48
996 200000 69
1000 200000 25
1004 200000 45
1008 200000 74
1012 200000 26
1016 200000 48
1020 200000 68
1024 200000 56
1028 200000 80
1032 200000 99
1036 200000 34
1040 200000 56
1044 200000 77
1048 200000 25
1052 200000 46
1056 200000 69
1060 200000 55
1064 200000 78
1068 200000 98
1072 200000 24
1076 200000 47
1080 200000 69
1084 200000 38
1088 200000 61
1092 200000 79
1096 200000 27
1100 200000 46
1104 200000 70
1108 200000 27
1112 200000 52
1116 200000 69
1120 200000 34
1124 200000 55
1128 200000 74
1132 200000 27
1136 200000 46
1140 200000 69
1144 200000 25
1148 200000 47
1152 200000 69
1156 200000 55
1160 200000 75
1164 200000 98
1168 200000 24
1172 200000 46
1176 200000 70
1180 200000 25
1184 200000 46
1188 200000 68
1192 200000 26
1196 200000 49
1200 200000 72
1204 200000 24
1208 200000 47
1212 200000 68
1216 200000 24
1220 200000 45
1224 200000 68
1228 200000 27
1232 200000 45
1236 200000 69
1240 200000 24
1244 200000 47
1248 200000 71
1252 200000 25
1256 200000 47
1260 200000 70
1264 200000 25
1268 200000 47
1272 200000 72
1276 200000 26
1280 200000 48
1284 200000 72
1288 200000 28
1292 200000 52
1296 200000 74
1300 200000 43
1304 200000 77
1308 200000 122
1312 200000 26
1316 200000 48
1320 200000 68
1324 200000 24
1328 200000 50
1332 200000 75
1336 200000 35
1340 200000 54
1344 200000 77
1348 200000 24
1352 200000 45
1356 200000 75
1360 200000 28
1364 200000 58
1368 200000 80
1372 200000 24
1376 200000 47
1380 200000 72
1384 200000 25
1388 200000 47
1392 200000 70
1396 200000 36
1400 200000 56
1404 200000 77
1408 200000 28
1412 200000 55
1416 200000 77
1420 200000 26
1424 200000 47
1428 200000 70
1432 200000 25
1436 200000 46
1440 200000 69
1444 200000 24
1448 200000 46
1452 200000 67
1456 200000 26
1460 200000 45
1464 200000 68
1468 200000 24
1472 200000 47
1476 200000 69
1480 200000 24
1484 200000 45
1488 200000 73
1492 200000 24
1496 200000 47
1500 200000 67
1504 200000 23
1508 200000 45
1512 200000 67
1516 200000 25
1520 200000 48
1524 200000 68
1528 200000 25
1532 200000 46
1536 200000 72
1540 200000 25
1544 200000 46
1548 200000 67
1552 200000 32
1556 200000 54
1560 200000 73
1564 200000 27
1568 200000 49
1572 200000 70
1576 200000 55
1580 200000 74
1584 200000 95
1588 200000 24
1592 200000 45
1596 200000 66
1600 200000 24
1604 200000 47
1608 200000 72
1612 200000 26
1616 200000 46
1620 200000 68
1624 200000 25
1628 200000 44
1632 200000 67
1636 200000 23
1640 200000 45
1644 200000 69
1648 200000 25
1652 200000 46
1656 200000 68
1660 200000 26
1664 200000 48
1668 200000 70
1672 200000 24
1676 200000 46
1680 200000 71
1684 200000 23
1688 200000 46
1692 200000 70
1696 200000 25
1700 200000 51
1704 200000 72
1708 200000 31
1712 200000 55
1716 200000 79
1720 200000 23
1724 200000 44
1728 200000 74
1732 200000 31
1736 200000 64
1740 200000 87
1744 200000 25
1748 200000 49
1752 200000 70
1756 200000 27
1760 200000 48
1764 200000 88
1768 200000 31
1772 200000 60
1776 200000 80
1780 200000 26
1784 200000 54
1788 200000 78
1792 200000 25
1796 200000 49
1800 200000 74
1804 200000 26
1808 200000 47
1812 200000 68
1816 200000 44
1820 200000 71
1824 200000 91
1828 200000 32
1832 200000 55
1836 200000 75
1840 200000 22
1844 200000 53
1848 200000 76
1852 200000 27
1856 200000 44
1860 200000 68
1864 200000 23
1868 200000 46
1872 200000 67
1876 200000 25
1880 200000 46
1884 200000 67
1888 200000 24
1892 200000 45
1896 200000 74
1900 200000 24
1904 200000 47
1908 200000 69
1912 200000 50
1916 200000 73
1920 200000 95
1924 200000 23
1928 200000 49
1932 200000 70
1936 200000 25
1940 200000 49
1944 200000 69
1948 200000 31
1952 200000 54
1956 200000 85
1960 200000 36
1964 200000 61
1968 200000 85
1972 200000 26
1976 200000 49
1980 200000 71
1984 200000 28
1988 200000 58
1992 200000 83
1996 200000 27
2000 200000 50
2004 200000 73
2008 200000 26
2012 200000 50
2016 200000 73
2020 200000 26
2024 200000 51
2028 200000 75
2032 200000 23
2036 200000 45
2040 200000 72
2044 200000 23
2048 200000 44
2052 200000 67
2056 200000 24
2060 200000 49
2064 200000 75
2068 200000 24
2072 200000 50
2076 200000 67
2080 200000 26
2084 200000 48
2088 200000 71
2092 200000 28
2096 200000 50
2100 200000 72
2104 200000 23
2108 200000 45
2112 200000 67
2116 200000 23
2120 200000 45
2124 200000 66
2128 200000 23
2132 200000 44
2136 200000 65
2140 200000 25
2144 200000 47
2148 200000 70
2152 200000 25
2156 200000 44
2160 200000 66
2164 200000 27
2168 200000 48
2172 200000 75
2176 200000 23
2180 200000 50
2184 200000 78
2188 200000 23
2192 200000 44
2196 200000 67
2200 200000 25
2204 200000 48
2208 200000 68
2212 200000 48
2216 200000 73
2220 200000 97
2224 200000 22
2228 200000 44
2232 200000 68
2236 200000 26
2240 200000 50
2244 200000 80
2248 200000 32
2252 200000 62
2256 200000 87
2260 200000 24
2264 200000 47
2268 200000 70
2272 200000 23
2276 200000 48
2280 200000 72
2284 200000 25
2288 200000 48
2292 200000 75
2296 200000 25
2300 200000 48
2304 200000 80
2308 200000 25
2312 200000 49
2316 200000 75
2320 200000 38
2324 200000 58
2328 200000 82
2332 200000 24
2336 200000 46
2340 200000 69
2344 200000 25
2348 200000 48
2352 200000 71
2356 200000 26
2360 200000 48
2364 200000 75
2368 200000 23
2372 200000 46
2376 200000 76
2380 200000 24
2384 200000 47
2388 200000 76
2392 200000 39
2396 200000 63
2400 200000 86
