4 200000 74
8 200000 102
16 200000 43
20 200000 79
28 200000 39
32 200000 107
40 200000 44
44 200000 81
52 200000 41
48 200000 165
56 200000 102
64 200000 41
68 200000 82
76 200000 38
72 200000 173
80 200000 109
88 200000 53
92 200000 93
100 200000 40
104 200000 112
112 200000 52
116 200000 115
124 200000 55
128 200000 99
136 200000 39
140 200000 75
148 200000 39
144 200000 171
152 200000 106
160 200000 43
164 200000 98
172 200000 39
168 200000 179
176 200000 116
184 200000 51
188 200000 89
196 200000 42
192 200000 166
200 200000 100
208 200000 41
212 200000 79
220 200000 38
224 200000 95
232 200000 39
236 200000 81
244 200000 39
240 200000 160
248 200000 96
256 200000 39
260 200000 102
268 200000 39
272 200000 76
280 200000 38
276 200000 169
284 200000 103
292 200000 40
296 200000 78
304 200000 38
300 200000 169
308 200000 103
316 200000 40
320 200000 79
328 200000 38
324 200000 174
332 200000 113
340 200000 51
344 200000 110
352 200000 47
356 200000 85
364 200000 38
360 200000 165
368 200000 99
376 200000 38
380 200000 83
388 200000 39
392 200000 77
400 200000 40
404 200000 77
412 200000 38
408 200000 170
416 200000 102
424 200000 39
428 200000 77
436 200000 38
440 200000 78
448 200000 38
452 200000 103
460 200000 39
464 200000 74
472 200000 38
468 200000 164
476 200000 99
484 200000 38
488 200000 75
496 200000 38
492 200000 166
500 200000 103
508 200000 39
512 200000 76
520 200000 41
524 200000 94
532 200000 40
536 200000 84
544 200000 37
548 200000 104
556 200000 40
560 200000 91
568 200000 38
564 200000 164
572 200000 102
580 200000 39
584 200000 92
592 200000 36
588 200000 170
596 200000 105
604 200000 45
608 200000 81
616 200000 41
620 200000 79
628 200000 37
624 200000 170
632 200000 106
640 200000 42
644 200000 88
652 200000 38
656 200000 76
664 200000 40
668 200000 76
676 200000 37
680 200000 89
688 200000 36
692 200000 81
700 200000 38
704 200000 74
712 200000 38
716 200000 74
724 200000 38
728 200000 74
736 200000 38
732 200000 168
740 200000 102
748 200000 39
752 200000 75
760 200000 38
756 200000 162
764 200000 98
772 200000 37
776 200000 115
784 200000 49
788 200000 102
796 200000 42
800 200000 83
808 200000 38
804 200000 167
812 200000 101
820 200000 40
824 200000 74
832 200000 36
836 200000 79
844 200000 38
848 200000 97
856 200000 40
860 200000 134
868 200000 73
872 200000 119
880 200000 58
884 200000 118
892 200000 53
896 200000 115
904 200000 56
908 200000 105
916 200000 40
920 200000 86
928 200000 37
932 200000 74
940 200000 36
936 200000 174
944 200000 105
952 200000 45
956 200000 80
964 200000 46
960 200000 176
968 200000 110
976 200000 46
980 200000 102
988 200000 59
992 200000 95
1000 200000 37
996 200000 168
1004 200000 106
1012 200000 38
1016 200000 73
1024 200000 38
1028 200000 106
1036 200000 43
1040 200000 81
1048 200000 41
1044 200000 166
1052 200000 101
1060 200000 39
1064 200000 75
1072 200000 38
1068 200000 171
1076 200000 106
1084 200000 44
1088 200000 80
1096 200000 37
1092 200000 164
1100 200000 103
1108 200000 39
1104 200000 175
1112 200000 111
1120 200000 46
1116 200000 183
1124 200000 119
1132 200000 59
1136 200000 91
1144 200000 38
1140 200000 164
1148 200000 100
1156 200000 37
1152 200000 172
1160 200000 107
1168 200000 47
1172 200000 83
1180 200000 37
1176 200000 159
1184 200000 94
1192 200000 38
1188 200000 166
1196 200000 102
1204 200000 38
1208 200000 74
1216 200000 38
1212 200000 168
1220 200000 105
1228 200000 42
1232 200000 79
1240 200000 38
1236 200000 170
1244 200000 111
1252 200000 41
1248 200000 180
1256 200000 114
1264 200000 52
1268 200000 88
1276 200000 39
1272 200000 165
1280 200000 101
1288 200000 38
1292 200000 74
1300 200000 38
1304 200000 80
1312 200000 39
1308 200000 169
1316 200000 105
1324 200000 38
1320 200000 178
1328 200000 110
1336 200000 46
1332 200000 182
1340 200000 119
1348 200000 55
1352 200000 131
1360 200000 76
1364 200000 112
1372 200000 54
1376 200000 89
1384 200000 39
1388 200000 111
1396 200000 48
1400 200000 85
1408 200000 37
1404 200000 165
1412 200000 107
1420 200000 44
1416 200000 180
1424 200000 115
1432 200000 53
1436 200000 97
1444 200000 39
1440 200000 169
1448 200000 114
1456 200000 41
1452 200000 178
1460 200000 114
1468 200000 54
1472 200000 89
1480 200000 39
1476 200000 171
1484 200000 107
1492 200000 42
1488 200000 178
1496 200000 114
1504 200000 51
1500 200000 187
1508 200000 123
1516 200000 66
1520 200000 102
1528 200000 40
1524 200000 176
1532 200000 113
1540 200000 54
1544 200000 90
1552 200000 51
1548 200000 183
1556 200000 118
1564 200000 56
1568 200000 93
1576 200000 39
1572 200000 173
1580 200000 118
1588 200000 52
1584 200000 191
1592 200000 124
1600 200000 68
1604 200000 106
1612 200000 50
1608 200000 182
1616 200000 118
1624 200000 54
1628 200000 123
1636 200000 62
1640 200000 111
1648 200000 44
1652 200000 82
1660 200000 43
1656 200000 176
1664 200000 107
1672 200000 54
1676 200000 101
1684 200000 41
1680 200000 178
1688 200000 112
1696 200000 51
1700 200000 111
1708 200000 50
1712 200000 87
1720 200000 42
1716 200000 166
1724 200000 105
1732 200000 43
1728 200000 183
1736 200000 120
1744 200000 61
1748 200000 101
1756 200000 42
1760 200000 81
1768 200000 45
1764 200000 178
1772 200000 119
1780 200000 58
1784 200000 97
1792 200000 47
1796 200000 84
1804 200000 43
1800 200000 177
1808 200000 118
1816 200000 53
1820 200000 132
1828 200000 75
1832 200000 114
1840 200000 54
1844 200000 130
1852 200000 72
1856 200000 112
1864 200000 48
1860 200000 192
1868 200000 129
1876 200000 73
1880 200000 113
1888 200000 55
1892 200000 97
1900 200000 45
1896 200000 180
1904 200000 117
1912 200000 54
1916 200000 130
1924 200000 78
1928 200000 120
1936 200000 62
1940 200000 104
1948 200000 46
1944 200000 186
1952 200000 121
1960 200000 72
1964 200000 114
1972 200000 53
1976 200000 129
1984 200000 78
1988 200000 122
1996 200000 65
2008 200000 74
2000 200000 172
2012 200000 117
2020 200000 60
2024 200000 103
2032 200000 45
2028 200000 187
2036 200000 124
2044 200000 67
2048 200000 133
2056 200000 83
2060 200000 125
2068 200000 70
2072 200000 123
2080 200000 50
2084 200000 130
2092 200000 83
2096 200000 131
2104 200000 71
2108 200000 130
2116 200000 68
2120 200000 138
2128 200000 87
2132 200000 134
2140 200000 70
2144 200000 127
2152 200000 82
2156 200000 127
2164 200000 60
2176 200000 49
2168 200000 176
2180 200000 139
2188 200000 79
2192 200000 126
2200 200000 71
2204 200000 119
2212 200000 51
2216 200000 131
2224 200000 76
2228 200000 122
2236 200000 74
2240 200000 125
2248 200000 75
2252 200000 123
2260 200000 68
2264 200000 133
2272 200000 84
2276 200000 128
2284 200000 67
2288 200000 128
2296 200000 73
2300 200000 116
2308 200000 61
2312 200000 137
2320 200000 85
2324 200000 130
2332 200000 65
2336 200000 145
2344 200000 84
2356 200000 58
2348 200000 182
2360 200000 141
2368 200000 74
2372 200000 128
2380 200000 58
2384 200000 144
2392 200000 92
2396 200000 135
2400 200000 178
12 97465 20117
24 195132 20022
36 40293 19958
60 48023 19784
84 0 19630
96 145588 19545
108 141058 19455
120 0 19402
132 84784 19328
156 64950 19157
180 4191 19002
204 111312 18823
216 177952 18725
228 55008 18657
252 179858 18460
264 95872 18384
288 95758 18225
312 79023 18030
336 101877 17852
348 28809 17787
372 132100 17603
384 132854 17518
396 130023 17430
420 114441 17250
432 159456 17165
444 162592 17074
456 87472 17003
480 97905 16825
504 123600 16640
516 146555 16552
528 102704 16471
540 163940 16399
552 77790 16308
576 125059 16123
600 93613 15946
612 133772 15860
636 63905 15688
648 189928 15590
660 142152 15502
672 153005 15413
684 138272 15325
696 166026 15239
708 146629 15142
720 137530 15055
744 77020 14877
768 176266 14682
780 90739 14605
792 77871 14524
816 98446 14345
828 160531 14255
840 139616 14173
852 174545 14076
864 37037 14002
876 0 13937
888 150438 13848
900 0 13778
912 102212 13701
924 156168 13609
948 54282 13433
972 52861 13266
984 19932 13197
1008 122078 13007
1020 200000 12908
1032 77993 12830
1056 127519 12643
1080 71744 12468
1128 1291 12105
1164 14193 11837
1200 116062 11559
1224 113298 11370
1260 26254 11099
1284 143564 10909
1296 88283 10831
1344 155614 10435
1356 0 10372
1368 68525 10297
1380 200000 10202
1392 44948 10130
1428 0 9863
1464 48802 9589
1512 0 9236
1536 0 9074
1560 22693 8907
1596 0 8643
1620 169140 8449
1632 0 8390
1644 92682 8311
1668 41609 8136
1692 49402 7967
1704 6108 7900
1740 0 7634
1752 88480 7557
1776 2578 7397
1788 99712 7315
1812 189358 7120
1824 0 7053
1836 141142 6966
1848 0 6900
1872 0 6734
1884 0 6672
1908 161383 6478
1920 0 6414
1932 0 6358
1956 0 6189
1968 143906 6105
1980 0 6035
1992 100593 5961
2004 0 5894
2016 2578 5833
2040 111618 5644
2052 0 5577
2064 0 5520
2076 176639 5427
2088 0 5353
2100 62135 5287
2112 99129 5202
2124 0 5132
2136 66007 5063
2148 0 4996
2160 127607 4913
2172 0 4838
2184 16757 4788
2196 0 4713
2208 143981 4628
2220 0 4558
2232 0 4500
2244 0 4444
2256 71951 4376
2268 0 4305
2280 49974 4236
2292 0 4171
2304 77193 4097
2316 0 4032
2328 109231 3953
2340 38670 3877
2352 0 3804
2364 60583 3747
2376 120442 3652
2388 0 3577
