4 200000 39
8 200000 65
16 200000 36
12 200000 138
20 200000 81
28 200000 37
24 200000 152
32 200000 104
40 200000 35
44 200000 100
52 200000 36
48 200000 162
56 200000 91
64 200000 32
60 200000 148
68 200000 83
76 200000 34
72 200000 149
80 200000 79
88 200000 32
84 200000 143
92 200000 71
100 200000 33
96 200000 133
104 200000 66
108 200000 99
112 200000 31
116 200000 62
120 200000 96
36 186697 799
124 200000 33
128 200000 73
136 200000 41
132 200000 147
140 200000 83
148 200000 42
144 200000 157
152 200000 89
160 200000 37
156 200000 156
164 200000 99
172 200000 38
168 200000 168
176 200000 98
184 200000 34
180 200000 163
188 200000 103
196 200000 45
200 200000 82
208 200000 43
212 200000 77
220 200000 35
216 200000 169
224 200000 101
232 200000 39
228 200000 169
236 200000 101
244 200000 34
248 200000 72
256 200000 30
252 200000 155
260 200000 87
268 200000 33
264 200000 152
272 200000 87
280 200000 34
276 200000 151
284 200000 84
292 200000 36
288 200000 149
296 200000 80
304 200000 34
300 200000 146
308 200000 83
316 200000 32
312 200000 147
320 200000 79
328 200000 34
324 200000 137
332 200000 69
340 200000 36
336 200000 138
344 200000 77
352 200000 36
348 200000 146
356 200000 78
364 200000 34
360 200000 140
368 200000 75
372 200000 99
376 200000 29
380 200000 56
384 200000 86
388 200000 29
392 200000 62
400 200000 38
396 200000 138
404 200000 79
412 200000 35
408 200000 151
416 200000 84
424 200000 35
420 200000 166
428 200000 103
436 200000 46
440 200000 92
448 200000 41
444 200000 171
452 200000 113
460 200000 48
464 200000 79
472 200000 34
476 200000 73
484 200000 36
480 200000 165
488 200000 95
496 200000 34
492 200000 156
500 200000 96
508 200000 32
504 200000 166
512 200000 105
520 200000 37
516 200000 169
524 200000 98
532 200000 32
528 200000 159
536 200000 86
544 200000 27
540 200000 139
548 200000 69
552 200000 99
192 82207 3099
556 200000 32
560 200000 64
564 200000 99
568 200000 32
572 200000 64
576 200000 95
580 200000 45
584 200000 80
592 200000 28
588 200000 133
596 200000 62
600 200000 91
204 172319 3392
240 152861 3096
604 200000 31
608 200000 59
612 200000 87
616 200000 32
620 200000 57
624 200000 91
628 200000 35
632 200000 65
636 200000 95
640 200000 27
644 200000 55
432 21330 1882
648 200000 84
456 140993 1689
652 200000 29
656 200000 63
660 200000 92
468 117406 1695
664 200000 34
668 200000 65
672 200000 95
676 200000 27
680 200000 54
684 200000 81
688 200000 27
692 200000 54
696 200000 82
700 200000 33
704 200000 66
708 200000 99
712 200000 27
716 200000 56
720 200000 82
724 200000 28
728 200000 56
732 200000 83
736 200000 28
740 200000 54
744 200000 82
748 200000 28
752 200000 55
756 200000 83
760 200000 29
764 200000 57
768 200000 85
772 200000 28
776 200000 56
780 200000 83
784 200000 30
788 200000 57
792 200000 85
796 200000 27
800 200000 54
804 200000 81
808 200000 28
812 200000 61
816 200000 89
820 200000 32
824 200000 59
828 200000 94
832 200000 33
836 200000 71
840 200000 97
844 200000 27
848 200000 62
852 200000 95
856 200000 31
860 200000 65
864 200000 96
868 200000 28
872 200000 54
876 200000 87
880 200000 32
884 200000 66
888 200000 94
892 200000 27
896 200000 54
900 200000 89
904 200000 39
908 200000 82
916 200000 33
912 200000 150
920 200000 80
928 200000 31
924 200000 143
932 200000 74
940 200000 34
936 200000 134
944 200000 67
948 200000 95
952 200000 29
956 200000 57
960 200000 91
964 200000 31
968 200000 67
972 200000 98
976 200000 30
980 200000 60
984 200000 94
988 200000 32
992 200000 65
996 200000 98
1000 200000 32
1004 200000 63
1008 200000 92
1012 200000 33
1016 200000 62
1020 200000 90
1024 200000 34
1028 200000 63
1032 200000 89
1036 200000 27
1040 200000 55
1044 200000 82
1048 200000 34
1052 200000 62
1056 200000 92
1060 200000 28
1064 200000 55
1068 200000 83
1072 200000 52
1076 200000 84
1084 200000 36
1080 200000 150
1088 200000 95
1096 200000 35
1092 200000 168
1100 200000 99
1108 200000 30
1104 200000 160
1112 200000 92
1120 200000 30
1116 200000 153
1124 200000 90
1132 200000 37
1128 200000 164
1136 200000 129
1144 200000 58
1148 200000 105
1156 200000 41
1160 200000 74
1168 200000 42
1172 200000 73
1180 200000 48
1176 200000 174
1184 200000 123
1192 200000 53
1196 200000 120
1204 200000 69
1208 200000 103
1216 200000 38
1220 200000 71
1228 200000 35
1224 200000 170
1232 200000 105
1240 200000 41
1236 200000 172
1244 200000 108
1252 200000 45
1256 200000 80
1264 200000 30
1260 200000 155
1268 200000 82
1276 200000 28
1272 200000 137
1280 200000 66
1284 200000 95
1288 200000 28
1292 200000 59
1296 200000 95
1300 200000 33
1304 200000 69
1308 200000 96
1312 200000 37
1316 200000 65
1320 200000 91
1140 38510 1599
1324 200000 27
1328 200000 55
1332 200000 81
1152 159836 1583
1164 169194 1490
1188 175433 1294
1336 200000 29
1340 200000 56
1344 200000 83
1348 200000 31
1352 200000 66
1356 200000 96
1200 0 1390
1212 187923 1298
1360 200000 35
1364 200000 72
1372 200000 37
1368 200000 137
1376 200000 83
1384 200000 44
1380 200000 163
1388 200000 97
1396 200000 32
1392 200000 155
1400 200000 94
1408 200000 30
1404 200000 151
1412 200000 87
1420 200000 51
1424 200000 115
1432 200000 47
1436 200000 80
1444 200000 33
1440 200000 150
1448 200000 84
1456 200000 31
1452 200000 147
1460 200000 81
1468 200000 35
1464 200000 141
1472 200000 70
1476 200000 100
1480 200000 30
1484 200000 61
1488 200000 93
1492 200000 32
1496 200000 69
1500 200000 98
1248 137469 2199
1504 200000 29
1508 200000 58
1416 200000 884
1512 200000 87
1516 200000 29
1520 200000 55
1524 200000 83
1428 39948 893
1528 200000 37
1532 200000 83
1540 200000 31
1536 200000 145
1544 200000 79
1552 200000 35
1548 200000 144
1556 200000 73
1560 200000 98
1564 200000 29
1568 200000 55
1572 200000 83
1576 200000 34
1580 200000 78
1588 200000 31
1584 200000 140
1592 200000 69
1596 200000 97
1600 200000 31
1604 200000 62
1608 200000 95
1612 200000 37
1616 200000 76
1624 200000 39
1620 200000 162
1628 200000 102
1636 200000 32
1640 200000 70
1648 200000 48
1652 200000 119
1660 200000 59
1664 200000 125
1672 200000 58
1676 200000 84
1684 200000 37
1680 200000 165
1688 200000 100
1696 200000 40
1700 200000 77
1708 200000 37
1704 200000 165
1712 200000 104
1720 200000 38
1716 200000 170
1724 200000 98
1732 200000 35
1728 200000 168
1736 200000 101
1744 200000 34
1740 200000 165
1748 200000 100
1756 200000 33
1752 200000 168
1760 200000 98
1768 200000 33
1764 200000 155
1772 200000 86
1780 200000 43
1776 200000 160
1784 200000 96
1792 200000 34
1788 200000 166
1796 200000 105
1804 200000 37
1808 200000 69
1800 198700 200
1816 200000 42
1820 200000 105
1828 200000 32
1824 200000 172
1832 200000 111
1840 200000 48
1844 200000 76
1852 200000 38
1848 200000 157
1856 200000 89
1864 200000 40
1860 200000 165
1868 200000 104
1876 200000 40
1880 200000 79
1888 200000 33
1884 200000 164
1892 200000 94
1900 200000 37
1896 200000 159
1904 200000 103
1912 200000 44
1916 200000 111
1924 200000 44
1928 200000 73
1920 184167 202
1936 200000 34
1932 200000 163
1940 200000 100
1948 200000 36
1952 200000 98
1960 200000 48
1956 200000 174
1964 200000 121
1972 200000 56
1976 200000 109
1984 200000 47
1988 200000 97
1996 200000 69
2000 200000 100
2008 200000 31
2004 200000 162
2012 200000 91
2020 200000 35
2016 200000 153
2024 200000 82
2032 200000 37
2028 200000 147
2036 200000 81
2044 200000 34
2040 200000 143
2048 200000 73
2056 200000 39
2052 200000 144
2060 200000 73
2064 200000 103
2068 200000 59
2072 200000 88
2080 200000 33
2076 200000 153
2084 200000 82
2092 200000 36
2088 200000 140
2096 200000 70
2104 200000 39
2100 200000 151
2108 200000 84
2116 200000 49
2112 200000 159
2120 200000 99
2128 200000 39
2124 200000 165
2132 200000 99
2140 200000 54
2136 200000 179
2144 200000 107
2152 200000 45
2148 200000 173
2156 200000 100
2164 200000 31
2160 200000 154
2168 200000 81
2176 200000 44
2172 200000 147
2180 200000 84
2188 200000 41
2184 200000 149
2192 200000 80
2200 200000 35
2196 200000 149
2204 200000 85
2212 200000 34
2208 200000 144
2216 200000 81
2224 200000 36
2220 200000 144
2228 200000 77
2236 200000 47
2232 200000 153
2240 200000 90
2248 200000 34
2244 200000 152
2252 200000 101
2260 200000 36
2256 200000 169
2264 200000 114
2272 200000 55
2276 200000 123
2284 200000 55
2288 200000 99
2296 200000 33
2292 200000 158
2300 200000 85
2308 200000 32
2304 200000 140
2312 200000 70
2316 200000 97
1632 147114 5801
2320 200000 43
2324 200000 70
2328 200000 97
1644 157630 5800
2332 200000 50
2336 200000 85
2344 200000 38
2340 200000 164
2348 200000 97
2356 200000 32
2352 200000 160
2360 200000 109
2368 200000 39
2372 200000 114
2380 200000 51
2384 200000 86
2392 200000 36
2388 200000 164
2396 200000 98
1656 174432 6327
2400 200000 128
1668 62343 6243
1692 102521 6059
1812 134693 5068
1836 87869 4884
1872 122270 4594
1908 200000 4296
1944 118098 4006
1968 125493 3819
1980 4528 3749
1992 59995 3682
2268 156128 1387
2280 0 1316
2364 143010 629
2376 103838 540
