4 200000 121
16 200000 134
28 200000 152
40 200000 164
52 200000 177
64 200000 190
184 200000 194
316 200000 198
376 195034 202
76 195992 2797
568 198055 201
664 200000 195
748 200000 190
784 200000 196
808 198925 200
856 200000 199
904 199352 201
928 200000 194
964 200000 199
1012 200000 195
1036 196945 201
1060 200000 196
1084 200000 186
1096 200000 198
1156 200000 192
1204 200000 187
1216 200000 198
1240 200000 182
1252 200000 196
1276 200000 196
1300 196678 201
1324 200000 179
1336 200000 190
1348 194421 202
1372 200000 186
1384 200000 197
1432 200000 191
1444 195126 202
1468 200000 189
1480 200000 199
1504 200000 189
1540 200000 188
1552 200000 197
1576 200000 195
1612 195640 201
1636 200000 187
1648 200000 198
1672 197935 200
1696 200000 189
1732 200000 189
1768 196259 201
1792 200000 192
1804 194879 202
1828 200000 196
1876 200000 194
1924 200000 188
1936 200000 197
1984 200000 188
1996 200000 195
2020 200000 194
2068 194738 202
2092 200000 198
2176 200000 197
2224 200000 191
2332 198213 200
2392 200000 199
88 161598 19419
100 184175 19331
112 184082 19241
124 172124 19159
136 158897 19083
148 196561 18984
160 162491 18906
172 148719 18837
196 182454 18647
208 163641 18567
220 170068 18485
232 188552 18389
256 190618 18218
244 163720 18322
268 166861 18139
280 188934 18047
292 180339 17959
304 143259 17891
328 182000 17703
352 193520 17529
340 163728 17638
364 160326 17454
388 169802 17272
400 162980 17193
412 192232 17096
424 176526 17008
448 193566 16832
436 164037 16937
460 162957 16755
472 183248 16665
484 184527 16575
496 176916 16490
508 176641 16404
520 183188 16314
532 160590 16238
544 198422 16139
556 155467 16064
580 166568 15884
592 178779 15810
604 179967 15715
616 188067 15618
628 170517 15537
640 185127 15444
652 146144 15380
676 164415 15195
688 200000 15096
700 144751 15032
712 188823 14933
724 184814 14841
736 141636 14773
760 184118 14584
772 162539 14507
796 161150 14330
832 194236 14055
820 161335 14157
844 157760 13980
868 163733 13802
880 194415 13704
892 157391 13630
916 140747 13463
940 176939 13276
952 156099 13201
976 164000 13022
988 194940 12923
1000 149394 12855
1024 168876 12672
1048 149591 12502
1072 142763 12339
1108 168300 12052
1120 179703 11965
1132 192301 11866
1144 141021 11801
1168 177435 11614
1180 191960 11520
1192 138332 11454
1228 129251 11193
1264 161166 10915
1288 172456 10736
1312 121906 10580
1360 131549 10218
1408 196814 9833
1396 172116 9935
1420 142490 9766
1456 139819 9500
1492 145242 9232
1516 198576 9033
1528 138211 8968
1564 154841 8697
1588 181042 8502
1600 172786 8421
1624 135795 8256
1660 169067 7974
1684 139716 7807
1708 195292 7606
1720 137344 7542
1744 196614 7343
1756 165729 7263
1780 151545 7088
1816 152168 6815
1840 188956 6623
1852 178111 6541
1864 162345 6457
1888 187989 6263
1900 182808 6173
1912 142806 6104
1960 200000 5722
1948 170145 5825
1972 139624 5659
2008 167502 5381
2044 198313 5094
2032 171872 5195
2056 166897 5018
2080 162166 4838
2104 175595 4647
2116 176337 4563
2128 193615 4463
2140 172451 4377
2152 185146 4285
2164 165690 4206
2188 163882 4027
2200 200000 3922
2212 151960 3854
2236 195196 3655
2248 164073 3575
2260 194836 3479
2272 174649 3393
2284 193035 3292
2296 168628 3206
2308 179205 3126
2320 166600 3043
2344 169132 2865
2356 191500 2767
2368 178117 2681
2380 167907 2599
8 0 22507
20 0 22519
32 0 22530
44 0 22541
56 0 22551
68 0 22562
80 0 22571
92 0 22582
104 0 22591
116 0 22607
128 0 22616
140 0 22629
152 0 22637
164 0 22649
176 0 22659
188 0 22668
200 0 22681
212 0 22692
224 0 22701
236 0 22714
248 0 22722
260 0 22734
272 0 22744
284 0 22755
296 0 22765
308 0 22776
320 0 22786
332 0 22797
344 0 22812
356 0 22823
368 0 22837
380 0 22845
392 0 22855
404 0 22866
416 0 22877
428 0 22887
440 0 22900
452 0 22909
464 0 22921
476 0 22932
488 0 22940
500 0 22952
512 0 22962
524 0 22974
536 0 22984
548 0 22993
560 0 23005
572 0 23019
584 0 23030
596 0 23041
608 0 23053
620 0 23063
632 0 23076
644 0 23084
656 0 23094
668 0 23105
680 0 23117
692 0 23128
704 0 23139
716 0 23150
728 0 23161
740 0 23171
752 0 23181
764 0 23195
776 0 23204
788 0 23219
800 0 23231
812 0 23239
824 0 23251
836 0 23263
848 0 23273
860 0 23285
872 0 23296
884 0 23306
896 0 23318
908 0 23329
920 0 23340
932 0 23351
944 0 23363
956 0 23374
968 0 23385
980 0 23396
992 0 23408
1004 0 23418
1016 0 23435
1028 0 23449
1040 0 23460
1052 0 23469
1064 0 23480
1076 0 23491
1088 0 23505
1100 0 23517
1112 0 23526
1124 0 23538
1136 0 23548
1148 0 23560
1160 0 23573
1172 0 23584
1184 0 23596
1196 0 23609
1208 0 23621
1220 0 23633
1232 0 23644
1244 0 23656
1256 0 23669
1268 0 23681
1280 0 23692
1292 0 23705
1304 0 23716
1316 0 23727
1328 0 23739
1340 0 23753
1352 0 23766
1364 0 23777
1376 0 23789
1388 0 23800
1400 0 23812
1412 0 23824
1424 0 23839
1436 0 23851
1448 0 23862
1460 0 23875
1472 0 23887
1484 0 23900
1496 0 23913
1508 0 23924
1520 0 23939
1532 0 23949
1544 0 23960
1556 0 23973
1568 0 23985
1580 0 23995
1592 0 24008
1604 0 24022
1616 0 24033
1628 0 24046
1640 0 24059
1652 0 24071
1664 0 24083
1676 0 24095
1688 0 24111
1700 0 24123
1712 0 24133
1724 0 24148
1736 0 24162
1748 0 24172
1760 0 24185
1772 0 24199
1784 0 24208
1796 0 24220
1808 0 24234
1820 0 24250
1832 0 24261
1844 0 24274
1856 0 24285
1868 0 24299
1880 0 24310
1892 0 24322
1904 0 24335
1916 0 24353
1928 0 24367
1940 0 24379
1952 0 24391
1964 0 24403
1976 0 24418
1988 0 24431
2000 0 24443
2012 0 24456
2024 0 24465
2036 0 24480
2048 0 24492
2060 0 24505
2072 0 24519
2084 0 24532
2096 0 24541
2108 0 24557
2120 0 24570
2132 0 24582
2144 0 24594
2156 0 24608
2168 0 24622
2180 0 24630
2192 0 24648
2204 0 24660
2216 0 24672
2228 0 24681
2240 0 24695
2252 0 24710
2264 0 24726
2276 0 24738
2288 0 24748
2300 0 24756
2312 0 24776
2324 0 24786
2336 0 24802
2348 0 24816
2360 0 24825
2372 0 24837
2384 0 24858
2396 0 24859
12 0 44879
24 0 44896
36 0 44908
48 0 44920
60 0 44933
72 0 44945
84 0 44961
96 0 44974
108 0 44987
120 0 44999
132 0 45012
144 0 45025
156 0 45038
168 0 45051
180 0 45064
192 0 45076
204 0 45093
216 0 45106
228 0 45120
240 0 45134
252 0 45147
264 0 45161
276 0 45172
288 0 45186
300 0 45198
312 0 45212
324 0 45226
336 0 45240
348 0 45251
360 0 45264
372 0 45278
384 0 45291
396 0 45304
408 0 45320
420 0 45330
432 0 45347
444 0 45357
456 0 45370
468 0 45384
480 0 45399
492 0 45413
504 0 45428
516 0 45440
528 0 45454
540 0 45468
552 0 45480
564 0 45493
576 0 45506
588 0 45520
600 0 45534
612 0 45546
624 0 45563
636 0 45575
648 0 45588
660 0 45601
672 0 45616
684 0 45628
696 0 45645
708 0 45658
720 0 45674
732 0 45688
744 0 45701
756 0 45715
768 0 45728
780 0 45743
792 0 45755
804 0 45768
816 0 45784
828 0 45795
840 0 45809
852 0 45822
864 0 45836
876 0 45851
888 0 45873
900 0 45886
912 0 45899
924 0 45913
936 0 45926
948 0 45940
960 0 45952
972 0 45965
984 0 45978
996 0 45994
1008 0 46007
1020 0 46022
1032 0 46036
1044 0 46047
1056 0 46059
1068 0 46073
1080 0 46086
1092 0 46099
1104 0 46112
1116 0 46125
1128 0 46140
1140 0 46152
1152 0 46165
1164 0 46178
1176 0 46192
1188 0 46205
1200 0 46218
1212 0 46233
1224 0 46245
1236 0 46259
1248 0 46273
1260 0 46289
1272 0 46300
1284 0 46315
1296 0 46328
1308 0 46339
1320 0 46353
1332 0 46368
1344 0 46381
1356 0 46395
1368 0 46408
1380 0 46422
1392 0 46435
1404 0 46448
1416 0 46462
1428 0 46475
1440 0 46500
1452 0 46513
1464 0 46527
1476 0 46540
1488 0 46552
1500 0 46568
1512 0 46581
1524 0 46594
1536 0 46606
1548 0 46624
1560 0 46636
1572 0 46652
1584 0 46664
1596 0 46679
1608 0 46691
1620 0 46705
1632 0 46718
1644 0 46734
1656 0 46745
1668 0 46759
1680 0 46770
1692 0 46787
1704 0 46799
1716 0 46811
1728 0 46826
1740 0 46839
1752 0 46855
1764 0 46868
1776 0 46898
1788 0 46913
1800 0 46926
1812 0 46939
1824 0 46954
1836 0 46969
1848 0 46984
1860 0 46996
1872 0 47011
1884 0 47022
1896 0 47037
1908 0 47047
1920 0 47064
1932 0 47076
1944 0 47090
1956 0 47105
1968 0 47118
1980 0 47142
1992 0 47155
2004 0 47168
2016 0 47184
2028 0 47191
2040 0 47209
2052 0 47222
2064 0 47235
2076 0 47248
2088 0 47262
2100 0 47273
2112 0 47286
2124 0 47301
2136 0 47318
2148 0 47335
2160 0 47350
2172 0 47363
2184 0 47371
2196 0 47389
2208 0 47398
2220 0 47415
2232 0 47431
2244 0 47443
2256 0 47456
2268 0 47473
2280 0 47492
2292 0 47500
2304 0 47509
2316 0 47529
2328 0 47540
2340 0 47557
2352 0 47572
2364 0 47581
2376 0 47593
2388 0 47614
2400 0 47617
