4 200000 67
8 200000 91
16 200000 28
20 200000 48
12 200000 146
24 200000 66
28 200000 24
32 200000 42
36 200000 62
40 200000 31
44 200000 51
48 200000 69
52 200000 23
56 200000 42
60 200000 59
64 200000 31
68 200000 51
72 200000 69
76 200000 25
80 200000 42
84 200000 64
88 200000 30
92 200000 51
96 200000 69
100 200000 26
104 200000 45
108 200000 64
112 200000 30
116 200000 52
120 200000 70
124 200000 23
128 200000 41
132 200000 59
136 200000 29
140 200000 50
144 200000 70
148 200000 25
152 200000 45
156 200000 62
160 200000 31
164 200000 52
168 200000 69
172 200000 23
176 200000 42
180 200000 59
184 200000 29
188 200000 50
192 200000 69
196 200000 61
200 200000 80
204 200000 96
208 200000 22
212 200000 42
216 200000 60
220 200000 29
224 200000 51
228 200000 69
232 200000 23
236 200000 41
240 200000 60
244 200000 32
248 200000 53
252 200000 71
256 200000 24
260 200000 43
264 200000 60
268 200000 29
272 200000 50
276 200000 67
280 200000 24
284 200000 44
288 200000 62
292 200000 29
296 200000 51
300 200000 75
304 200000 23
308 200000 41
312 200000 59
316 200000 30
320 200000 53
324 200000 73
328 200000 24
332 200000 42
336 200000 60
340 200000 63
344 200000 86
352 200000 23
356 200000 40
348 200000 138
360 200000 59
364 200000 65
368 200000 85
376 200000 25
380 200000 44
372 200000 141
384 200000 62
388 200000 25
392 200000 44
396 200000 61
400 200000 64
404 200000 87
408 200000 102
412 200000 26
416 200000 41
420 200000 59
424 200000 29
428 200000 51
432 200000 69
436 200000 23
440 200000 42
444 200000 60
448 200000 29
452 200000 48
456 200000 68
460 200000 25
464 200000 43
468 200000 62
472 200000 65
476 200000 87
484 200000 22
488 200000 40
480 200000 139
492 200000 57
496 200000 64
500 200000 84
504 200000 99
508 200000 22
512 200000 44
516 200000 59
520 200000 29
524 200000 51
528 200000 68
532 200000 23
536 200000 41
540 200000 59
544 200000 29
548 200000 48
552 200000 67
556 200000 58
568 200000 60
560 200000 170
580 200000 60
572 200000 184
592 200000 62
584 200000 194
604 200000 61
616 200000 60
596 173246 263
628 200000 60
608 135038 275
640 200000 60
620 91091 287
652 200000 60
632 48301 299
664 200000 60
676 200000 60
644 5220 366
688 200000 60
656 0 378
700 200000 60
668 0 391
712 200000 60
680 0 402
724 200000 61
736 200000 61
692 0 471
748 200000 59
704 0 481
760 200000 60
716 0 494
772 200000 61
784 200000 61
728 0 561
796 200000 61
740 0 573
808 200000 61
752 0 590
820 200000 62
764 0 599
832 200000 60
844 200000 59
776 0 667
856 200000 60
788 0 679
868 200000 60
800 0 690
880 200000 59
812 0 703
892 200000 60
904 200000 65
824 0 775
916 200000 59
836 0 786
928 200000 59
848 0 800
940 200000 58
952 200000 60
860 0 865
964 200000 59
872 0 878
976 200000 61
884 0 889
988 200000 59
896 0 901
1000 200000 59
1012 200000 60
908 0 969
1024 200000 60
920 0 982
1036 200000 59
932 0 993
1048 200000 62
1060 200000 60
944 0 1060
1072 200000 59
956 0 1072
1084 200000 59
968 0 1083
1096 200000 59
980 0 1094
1108 200000 60
1120 200000 59
992 0 1161
1132 200000 59
1004 0 1173
1144 200000 59
1016 0 1186
1156 200000 56
1028 0 1178
1168 200000 33
1040 0 1139
1052 0 1067
1064 0 996
1180 200000 33
1076 0 957
1088 0 887
1192 200000 33
1100 0 849
1112 0 780
1124 0 715
1204 200000 34
1136 0 672
1148 0 600
1216 200000 36
1160 0 568
1172 0 498
1228 200000 31
1184 0 453
1196 0 377
1208 0 304
1240 200000 34
1220 0 276
1252 200000 35
1232 177724 231
1244 200000 156
1256 200000 102
1264 200000 35
1268 200000 69
564 0 5993
1276 200000 34
1280 200000 68
576 0 5986
1288 200000 35
1292 200000 63
588 0 5975
600 0 5908
1300 200000 35
1304 200000 63
612 0 5898
1312 200000 39
1316 200000 68
624 0 5893
1324 200000 38
1328 200000 66
636 0 5887
1336 200000 39
1340 200000 66
648 0 5874
660 0 5810
1348 200000 37
1352 200000 67
672 0 5798
1360 200000 40
1364 200000 69
684 0 5795
1372 200000 37
1376 200000 64
696 0 5779
708 0 5708
1384 200000 43
1388 200000 71
720 0 5711
1396 200000 43
1400 200000 67
732 0 5699
1408 200000 36
1412 200000 65
744 0 5691
1420 200000 34
1424 200000 66
756 0 5690
1432 200000 35
1436 200000 64
768 0 5682
1444 200000 31
1448 200000 61
780 0 5672
792 0 5602
1456 200000 35
1460 200000 60
804 0 5583
1468 200000 37
1472 200000 61
816 0 5574
828 0 5501
1480 200000 37
1484 200000 64
840 0 5492
1492 200000 33
1496 200000 61
852 0 5478
1504 200000 37
1508 200000 62
864 0 5466
876 0 5402
1516 200000 36
1520 200000 66
888 0 5388
900 0 5315
1528 200000 38
1532 200000 66
912 0 5308
1540 200000 39
1544 200000 65
924 0 5299
1552 200000 40
1556 200000 64
936 0 5283
948 0 5208
1564 200000 38
1568 200000 66
960 0 5193
972 0 5117
1576 200000 36
1580 200000 61
984 0 5106
1588 200000 41
1592 200000 70
996 0 5095
1600 200000 36
1604 200000 60
1008 0 5079
1020 0 5007
1612 200000 31
1616 200000 64
1032 0 5010
1624 200000 27
1628 200000 57
1044 0 4989
1636 200000 28
1640 200000 59
1056 0 4975
1068 0 4906
1080 0 4823
1648 200000 24
1652 200000 55
1092 0 4805
1660 200000 27
1664 200000 56
1104 0 4787
1116 0 4713
1672 200000 29
1676 200000 58
1128 0 4699
1140 0 4618
1684 200000 28
1688 200000 57
1152 0 4603
1696 200000 28
1700 200000 58
1164 0 4591
1708 200000 30
1712 200000 60
1176 0 4570
1188 0 4493
1720 200000 34
1724 200000 64
1200 0 4481
1212 0 4395
1732 200000 27
1736 200000 54
1224 0 4385
1744 200000 28
1748 200000 56
1236 0 4354
1248 0 4274
1260 0 4215
1756 200000 28
1760 200000 55
1272 0 4177
1284 0 4104
1768 200000 24
1772 200000 49
1296 0 4077
1780 200000 63
1792 200000 58
1784 200000 174
1804 200000 59
1796 200000 198
1816 200000 58
1828 200000 59
1808 161222 268
1840 200000 58
1820 114680 279
1852 200000 60
1832 71841 291
1864 200000 62
1876 200000 60
1844 29195 362
1888 200000 58
1856 0 373
1900 200000 59
1868 0 385
1912 200000 58
1880 0 398
1924 200000 57
1936 200000 57
1892 0 465
1948 200000 57
1904 0 476
1960 200000 58
1916 0 487
1972 200000 60
1928 0 498
1984 200000 58
1996 200000 59
1940 0 566
2008 200000 59
1952 0 578
2020 200000 57
1964 0 592
2032 200000 59
1976 0 601
2044 200000 58
2056 200000 58
1988 0 671
2068 200000 59
2000 0 682
2080 200000 58
2012 0 694
2092 200000 58
2104 200000 58
2024 0 762
2116 200000 59
2036 0 772
2128 200000 58
2048 0 784
2140 200000 60
2060 0 798
2152 200000 69
2164 200000 58
2072 0 873
2176 200000 58
2084 0 882
2188 200000 58
2096 0 897
2200 200000 57
2212 200000 57
2108 0 958
2224 200000 57
2120 0 972
2236 200000 61
2132 0 989
2248 200000 58
2144 0 1000
2260 200000 57
2272 200000 57
2156 0 1065
2284 200000 57
2168 0 1076
2296 200000 58
2180 0 1086
2308 200000 58
2192 0 1098
2320 200000 58
2332 200000 57
2204 0 1163
2344 200000 60
2216 0 1175
2356 200000 57
2228 0 1183
2368 200000 58
2240 0 1195
2380 200000 59
2252 0 1195
2392 200000 47
2264 0 1186
2276 0 1128
2288 0 1070
2300 0 1017
2312 0 959
2324 0 897
2336 0 841
2348 0 784
2360 0 716
2372 0 658
2384 0 599
2396 0 532
1308 0 9619
1320 0 9563
1332 0 9512
1344 0 9448
1356 0 9361
1368 0 9320
1380 0 9251
1392 0 9189
1404 0 9105
1416 0 9069
1428 0 8998
1440 0 8917
1452 0 8862
1464 0 8790
1476 0 8738
1488 0 8664
1500 0 8590
1512 0 8531
1524 0 8450
1536 0 8386
1548 0 8313
1560 0 8249
1572 0 8178
1584 0 8112
1596 0 8036
1608 0 7975
1620 0 7911
1632 0 7840
1644 0 7786
1656 0 7704
1668 0 7649
1680 0 7561
1692 0 7505
1704 0 7443
1716 0 7374
1728 0 7312
1740 0 7236
1752 0 7170
1764 0 7069
1776 0 6998
1788 0 6945
1800 0 6883
1812 0 6810
1824 0 6735
1836 0 6660
1848 0 6586
1860 0 6519
1872 0 6442
1884 0 6367
1896 0 6291
1908 0 6215
1920 0 6139
1932 0 6067
1944 0 6002
1956 0 5922
1968 0 5844
1980 0 5766
1992 0 5689
2004 0 5610
2016 0 5531
2028 0 5452
2040 0 5373
2052 0 5295
2064 0 5219
2076 0 5140
2088 0 5060
2100 0 4979
2112 0 4900
2124 0 4820
2136 0 4741
2148 0 4661
2160 0 4578
2172 0 4500
2184 0 4416
2196 0 4337
2208 0 4255
2220 0 4173
2232 0 4092
2244 0 4010
2256 0 3929
2268 0 3846
2280 0 3765
2292 0 3683
2304 0 3601
2316 0 3519
2328 0 3439
2340 0 3357
2352 0 3276
2364 0 3195
2376 0 3115
2388 0 3034
2400 0 2948
