4 200000 79
8 200000 129
12 200000 183
16 200000 145
28 200000 145
40 200000 142
52 200000 157
64 200000 146
76 200000 147
88 200000 147
100 200000 146
112 200000 145
124 200000 143
136 200000 147
148 200000 144
160 200000 150
172 200000 150
184 200000 147
196 200000 149
208 200000 151
220 200000 145
232 200000 157
244 200000 147
256 200000 154
272 200000 146
280 200000 152
292 200000 150
304 200000 147
316 200000 155
328 200000 150
340 200000 149
352 200000 152
364 200000 150
376 200000 149
388 200000 145
400 200000 158
412 200000 149
424 200000 151
436 200000 146
448 200000 150
460 200000 140
472 200000 163
484 200000 141
496 200000 147
508 200000 141
520 200000 162
532 200000 146
544 200000 146
556 200000 143
568 200000 152
580 200000 146
592 200000 183
604 200000 148
616 200000 141
628 200000 159
640 200000 137
644 200000 199
652 200000 159
664 200000 134
676 200000 156
688 200000 133
700 200000 162
712 200000 139
716 200000 200
724 200000 160
736 200000 129
740 200000 192
748 200000 153
760 200000 148
772 200000 173
784 200000 153
796 200000 135
800 200000 193
808 200000 151
820 200000 148
832 200000 140
844 200000 129
848 200000 191
856 200000 146
868 200000 136
880 200000 156
892 200000 152
904 200000 140
908 200000 195
916 200000 153
928 200000 154
940 200000 136
952 200000 139
964 200000 158
976 200000 124
980 200000 190
988 200000 148
1000 200000 145
1012 200000 127
1016 200000 191
1024 200000 146
1028 198169 200
1036 200000 153
1048 200000 124
1052 200000 192
1060 200000 146
1072 200000 154
1084 200000 140
1088 200000 197
1096 200000 150
1108 200000 144
1120 200000 140
1132 200000 153
1144 200000 148
1156 200000 139
1160 200000 197
1168 200000 155
1180 200000 148
1192 200000 147
1204 200000 145
1216 200000 153
1228 200000 144
1240 200000 150
1252 200000 164
1264 200000 150
1276 200000 151
1288 200000 150
1300 200000 153
1312 200000 159
1324 200000 152
1336 200000 150
1348 200000 158
1360 200000 153
1372 200000 143
1384 200000 159
1396 200000 156
1408 200000 151
1420 200000 145
1432 200000 156
1444 200000 155
1456 200000 152
1468 200000 157
1480 200000 133
1492 200000 170
1504 200000 153
1516 200000 150
1528 200000 155
1540 200000 169
1552 200000 150
1564 200000 155
1576 200000 143
1588 200000 171
1600 200000 156
1612 200000 174
1624 200000 136
1636 200000 167
1648 200000 159
1660 200000 157
1672 200000 170
1684 200000 143
1696 200000 145
1708 200000 164
1720 200000 179
1732 200000 189
1744 200000 139
1756 200000 168
1768 200000 114
1772 200000 180
1780 200000 172
1792 200000 176
1804 200000 168
1816 200000 175
1828 200000 161
1840 200000 155
1852 200000 151
1876 200000 163
1888 200000 142
1900 200000 157
1912 200000 146
1936 200000 149
1960 200000 159
1972 200000 131
1996 193518 201
2008 200000 146
2032 200000 134
2056 200000 130
2068 196359 200
2104 200000 123
2152 200000 116
2156 196916 201
2164 196120 201
2176 186313 204
2188 200000 191
2200 200000 192
2212 200000 167
2224 200000 87
2228 200000 176
2236 200000 182
2248 200000 180
2260 200000 190
2272 200000 182
2284 200000 177
2296 200000 182
2308 200000 176
2320 200000 179
2332 200000 179
2344 200000 168
2356 200000 184
2368 200000 182
2380 200000 174
2392 200000 178
20 82406 20074
24 75471 20119
32 73697 20089
36 65787 20135
44 164109 20047
48 63657 20113
56 49919 20087
60 50421 20141
68 102455 20097
72 67084 20145
80 86310 20109
84 75161 20150
92 73314 20112
96 73765 20155
104 81595 20124
108 67485 20170
116 81146 20135
120 78989 20174
128 102805 20131
132 73217 20173
140 80893 20139
144 69563 20181
152 118782 20123
156 55558 20172
164 85184 20132
168 78212 20172
176 80998 20134
180 70033 20179
188 109131 20133
192 39590 20188
200 116139 20141
204 60331 20188
212 66722 20156
216 56487 20201
224 133304 20156
228 61013 20193
236 82181 20151
240 42286 20202
248 131969 20151
252 39207 20200
260 67892 20171
264 67637 20213
268 102466 20176
276 61281 20215
284 79365 20172
288 67323 20213
296 75085 20176
300 69851 20218
308 137956 20139
312 54127 20209
320 63303 20152
324 80310 20219
332 90628 20155
336 61237 20214
344 111118 20143
348 45896 20219
356 82091 20156
360 63594 20223
368 82467 20161
372 62512 20237
380 94809 20163
384 66604 20224
392 148562 20141
396 50935 20185
404 66391 20153
408 63745 20195
416 87945 20156
420 67085 20195
428 74358 20167
432 59058 20203
440 100392 20152
444 65414 20194
452 79815 20131
456 61387 20201
464 185749 20104
468 27654 20179
476 53318 20122
480 50839 20201
488 141464 20116
492 33727 20178
500 88241 20111
504 48394 20152
512 168765 20088
516 48669 20133
524 60633 20098
528 57955 20138
536 79227 20106
540 79224 20137
548 138447 20053
552 13012 20123
560 160840 20041
564 13967 20120
572 125175 20045
576 11968 20132
584 25341 20073
588 77565 20125
596 0 20082
600 0 20163
608 114377 20087
612 0 20170
620 134294 20086
624 53607 20163
632 61391 20095
636 58898 20151
648 28133 20099
656 46250 20069
660 32479 20113
668 142391 20055
672 76542 20089
680 53682 20064
684 53267 20094
692 173638 19999
696 60287 20046
704 55424 20007
708 53636 20046
720 15978 20024
728 44902 19970
732 32757 20027
744 29793 19983
752 125287 19904
756 29061 19961
764 144694 19887
768 19032 19948
776 3873 19916
780 18050 19982
788 64295 19936
792 44826 19984
804 11848 19947
812 123413 19869
816 31701 19934
824 79151 19864
828 55622 19922
836 65037 19858
840 64871 19902
852 17854 19866
860 73141 19808
872 195658 19746
864 73354 19854
876 35595 19800
884 111317 19733
888 10991 19794
896 83813 19735
900 51562 19779
912 0 19744
920 154360 19656
924 3873 19720
932 63251 19666
936 42587 19711
944 96656 19671
948 71340 19691
956 182514 19594
960 40541 19646
968 25796 19600
972 24425 19656
984 47192 19604
992 119324 19531
996 31818 19584
1004 49445 19531
1008 46385 19576
1020 38498 19525
1032 0 19483
1040 26423 19441
1044 27146 19492
1056 50752 19440
1064 192708 19342
1068 2682 19401
1076 54764 19342
1080 55756 19382
1092 7620 19339
1100 71087 19276
1104 70430 19312
1112 81467 19245
1116 76505 19281
1124 181092 19187
1128 31903 19232
1136 66180 19171
1140 62606 19209
1148 110860 19146
1152 40788 19179
1164 13258 19129
1172 75107 19063
1176 69020 19099
1184 78527 19037
1188 78818 19067
1196 152082 18984
1200 24671 19031
1208 148053 18944
1212 38784 18988
1220 76281 18924
1224 60063 18962
1232 150176 18874
1236 40381 18917
1244 82777 18846
1248 61830 18883
1256 64506 18819
1260 41983 18861
1268 97210 18796
1272 46046 18838
1280 116133 18762
1284 36639 18805
1292 88629 18735
1296 61014 18778
1304 142848 18682
1308 26011 18737
1316 85445 18672
1320 21939 18720
1328 82759 18652
1332 30989 18700
1340 164098 18608
1344 5712 18664
1352 65860 18599
1356 43712 18641
1364 85198 18574
1368 44057 18615
1376 135317 18522
1380 38720 18566
1388 70751 18501
1392 22359 18550
1400 56822 18496
1404 40013 18537
1412 72370 18472
1416 47629 18514
1424 76183 18445
1428 63444 18482
1436 43247 18428
1440 43844 18470
1448 62367 18414
1452 39798 18458
1460 128928 18378
1464 7738 18430
1472 46139 18371
1476 37840 18415
1484 164858 18309
1488 25254 18355
1496 23230 18315
1500 18074 18365
1508 56092 18308
1512 43788 18352
1520 145847 18264
1524 0 18317
1532 56546 18251
1536 43021 18294
1544 24529 18253
1548 23715 18302
1556 70826 18235
1560 50154 18278
1568 41082 18220
1572 40047 18265
1580 140142 18180
1584 21939 18237
1592 29693 18187
1596 29693 18233
1604 72171 18165
1608 32266 18210
1616 14201 18177
1620 14201 18228
1628 142314 18127
1632 36148 18171
1640 47759 18120
1644 49058 18162
1652 36105 18114
1656 36139 18159
1664 142487 18081
1668 10328 18133
1676 12910 18083
1680 11320 18135
1688 91753 18067
1692 60677 18105
1700 73578 18025
1704 58095 18063
1712 97689 17985
1716 32275 18031
1724 54222 17987
1728 14201 18038
1736 3873 18004
1740 3873 18061
1748 163014 17948
1752 0 18005
1760 27007 17962
1764 0 18016
1776 27156 17930
1784 35075 17886
1788 37431 17931
1796 30984 17886
1800 30984 17946
1808 40021 17896
1812 40021 17943
1820 19365 17893
1824 20656 17942
1832 28162 17894
1836 16783 17944
1844 85198 17866
1848 48763 17907
1856 89046 17824
1860 9028 17877
1864 172373 17816
1868 11619 17868
1872 11619 17919
1880 31080 17863
1884 0 17918
1892 142121 17818
1896 0 17873
1904 56804 17806
1908 48056 17853
1916 133460 17752
1920 0 17805
1924 139164 17760
1928 12910 17812
1932 16783 17863
1940 141620 17760
1944 0 17814
1948 149554 17762
1952 11619 17814
1956 11619 17871
1964 46476 17794
1968 47767 17834
1976 85925 17732
1980 51640 17776
1984 181851 17708
1988 11619 17761
1992 12910 17827
2000 3873 17810
2004 3873 17865
2012 163732 17734
2016 16783 17785
2020 55504 17762
2024 25820 17811
2028 27111 17859
2036 85494 17759
2040 46476 17803
2044 174501 17733
2048 7746 17787
2052 9037 17839
2060 139850 17707
2064 14192 17757
2072 7746 17728
2076 9037 17782
2080 156563 17716
2084 14201 17770
2088 14201 17819
2092 173138 17751
2096 5155 17807
2100 6455 17858
2108 173333 17706
2112 10319 17758
2116 186063 17680
2120 5155 17733
2124 6455 17788
2128 175762 17713
2132 0 17772
2136 0 17824
2140 179657 17750
2144 0 17805
2148 0 17865
2160 0 17752
2168 0 17729
2172 0 17784
2180 0 17754
2184 0 17810
2192 0 17782
2196 3873 17839
2204 0 17815
2208 0 17869
2216 2559 17837
2220 0 17892
2232 23213 17775
2240 2582 17742
2244 2582 17797
2252 5164 17758
2256 5164 17813
2264 3873 17779
2268 3873 17833
2276 6455 17792
2280 7746 17846
2288 10328 17799
2292 9037 17853
2300 2582 17816
2304 2582 17874
2312 12910 17829
2316 12910 17881
2324 7746 17836
2328 6455 17896
2336 5164 17856
2340 6455 17910
2348 34857 17859
2352 30984 17905
2360 1291 17861
2364 1291 17917
2372 1291 17878
2376 1291 17934
2384 14201 17886
2388 14201 17937
2396 7746 17890
2400 7746 17944
