4 200000 64
8 200000 95
12 200000 135
16 200000 82
20 200000 121
24 200000 168
28 200000 99
32 200000 136
36 200000 169
40 200000 112
44 200000 146
48 200000 176
52 200000 109
56 200000 138
60 200000 174
64 200000 109
68 200000 144
72 200000 173
76 200000 107
80 200000 137
84 200000 163
88 200000 96
92 200000 125
96 200000 178
100 200000 117
104 200000 149
108 200000 181
112 200000 120
116 200000 148
120 200000 179
124 200000 112
128 200000 162
132 200000 193
136 200000 128
140 200000 155
144 200000 186
148 200000 117
152 200000 146
156 200000 180
160 200000 111
164 200000 160
168 200000 196
172 200000 134
176 200000 164
180 200000 195
184 200000 131
188 200000 164
196 200000 142
200 200000 177
208 200000 137
212 200000 173
220 200000 144
224 200000 176
232 200000 141
236 200000 173
240 200000 199
244 200000 132
248 200000 188
256 200000 137
260 200000 181
268 200000 119
272 200000 162
276 200000 195
280 200000 128
284 200000 160
288 200000 191
292 200000 130
296 200000 161
300 200000 191
304 200000 120
308 200000 159
312 200000 187
316 200000 118
320 200000 153
324 200000 188
328 200000 117
332 200000 146
336 200000 182
340 200000 113
344 200000 146
348 200000 175
352 200000 106
356 200000 138
360 200000 164
364 200000 110
368 200000 144
372 200000 174
376 200000 116
380 200000 142
384 200000 179
388 200000 113
392 200000 147
396 200000 179
400 200000 109
404 200000 158
408 200000 193
412 200000 124
416 200000 161
420 200000 199
424 200000 137
428 200000 177
436 200000 113
440 200000 155
444 200000 186
448 200000 127
452 200000 154
456 200000 195
460 200000 135
464 200000 166
468 200000 196
472 200000 125
476 200000 159
480 200000 187
484 200000 127
488 200000 163
492 200000 193
496 200000 129
500 200000 155
504 200000 186
508 200000 122
512 200000 160
516 200000 188
520 200000 117
524 200000 143
528 200000 178
532 200000 119
536 200000 150
540 200000 180
544 200000 119
548 200000 146
552 200000 183
556 200000 115
560 200000 145
564 200000 174
568 200000 115
572 200000 146
576 200000 183
580 200000 117
584 200000 161
588 193594 201
592 200000 139
596 200000 179
604 200000 153
608 200000 186
616 200000 126
620 200000 157
624 200000 186
628 200000 118
632 200000 147
636 200000 178
640 200000 113
644 200000 145
648 200000 174
652 200000 109
656 200000 150
660 200000 186
664 200000 114
668 200000 141
672 200000 168
676 200000 104
680 200000 134
684 200000 165
688 200000 93
692 200000 128
696 200000 159
700 200000 99
704 200000 140
708 200000 180
712 200000 108
716 200000 135
720 200000 164
724 200000 93
728 200000 125
732 200000 156
736 200000 96
740 200000 125
744 200000 152
748 200000 80
752 200000 111
756 200000 140
760 200000 68
764 200000 96
768 200000 125
772 200000 51
776 200000 79
780 200000 107
784 200000 36
788 200000 69
792 200000 99
192 170707 5102
796 200000 41
800 200000 72
804 200000 105
808 200000 32
812 200000 61
816 200000 91
820 200000 33
824 200000 62
828 200000 88
204 104067 5289
216 182094 5191
832 200000 30
836 200000 56
840 200000 85
228 107650 5187
252 132125 4991
844 200000 30
848 200000 57
852 200000 84
856 200000 30
860 200000 57
864 200000 84
264 15125 5086
868 200000 30
872 200000 64
876 200000 90
880 200000 30
884 200000 57
888 200000 87
432 0 3890
600 117442 2500
892 200000 31
896 200000 58
900 200000 84
904 200000 30
908 200000 56
912 200000 84
612 40649 2586
916 200000 28
920 200000 57
924 200000 85
928 200000 29
932 200000 58
936 200000 85
940 200000 29
944 200000 56
948 200000 83
952 200000 30
956 200000 58
960 200000 84
964 200000 28
968 200000 56
972 200000 83
976 200000 29
980 200000 56
984 200000 83
988 200000 29
992 200000 58
996 200000 84
1000 200000 29
1004 200000 57
1008 200000 83
1012 200000 29
1016 200000 57
1020 200000 84
1024 200000 32
1028 200000 60
1032 200000 87
1036 200000 29
1040 200000 57
1044 200000 83
1048 200000 29
1052 200000 57
1056 200000 84
1060 200000 31
1064 200000 56
1068 200000 83
1072 200000 34
1076 200000 61
1080 200000 90
1084 200000 29
1088 200000 59
1092 200000 85
1096 200000 30
1100 200000 62
1104 200000 88
1108 200000 29
1112 200000 68
1116 200000 98
1120 200000 32
1124 200000 62
1128 200000 92
1132 200000 46
1136 200000 72
1140 200000 98
1144 200000 31
1148 200000 62
1152 200000 92
1156 200000 33
1160 200000 62
1164 200000 95
1168 200000 34
1172 200000 66
1176 200000 109
1180 200000 34
1184 200000 61
1188 200000 88
1192 200000 31
1196 200000 61
1200 200000 90
1204 200000 29
1208 200000 62
1212 200000 93
1216 200000 30
1220 200000 56
1224 200000 84
1228 200000 28
1232 200000 56
1236 200000 83
1240 200000 28
1244 200000 56
1248 200000 84
1252 200000 30
1256 200000 57
1260 200000 91
1264 200000 30
1268 200000 56
1272 200000 84
1276 200000 30
1280 200000 56
1284 200000 84
1288 200000 28
1292 200000 59
1296 200000 90
1300 200000 47
1304 200000 82
1308 200000 119
1312 200000 50
1316 200000 80
1320 200000 116
1324 200000 45
1328 200000 72
1332 200000 99
1336 200000 29
1340 200000 58
1344 200000 83
1348 200000 30
1352 200000 58
1356 200000 83
1360 200000 29
1364 200000 56
1368 200000 83
1372 200000 29
1376 200000 56
1380 200000 84
1384 200000 30
1388 200000 58
1392 200000 83
1396 200000 29
1400 200000 56
1404 200000 83
1408 200000 29
1412 200000 56
1416 200000 83
1420 200000 32
1424 200000 57
1428 200000 84
1432 200000 29
1436 200000 56
1440 200000 83
1444 200000 30
1448 200000 56
1452 200000 84
1456 200000 29
1460 200000 56
1464 200000 83
1468 200000 30
1472 200000 56
1476 200000 84
1480 200000 29
1484 200000 57
1488 200000 83
1492 200000 33
1496 200000 59
1500 200000 87
1504 200000 42
1508 200000 68
1512 200000 94
1516 200000 35
1520 200000 61
1524 200000 89
1528 200000 30
1532 200000 56
1536 200000 84
1540 200000 29
1544 200000 57
1548 200000 85
1552 200000 29
1556 200000 59
1560 200000 85
1564 200000 30
1568 200000 57
1572 200000 84
1576 200000 29
1580 200000 56
1584 200000 88
1588 200000 29
1592 200000 57
1596 200000 84
1600 200000 29
1604 200000 56
1608 200000 84
1612 200000 30
1616 200000 56
1620 200000 84
1624 200000 33
1628 200000 60
1632 200000 90
1636 200000 32
1640 200000 63
1644 200000 94
1648 200000 35
1652 200000 64
1656 200000 94
1660 200000 38
1664 200000 64
1668 200000 96
1672 200000 32
1676 200000 60
1680 200000 87
1684 200000 31
1688 200000 60
1692 200000 86
1696 200000 35
1700 200000 64
1704 200000 95
1708 200000 32
1712 200000 59
1716 200000 88
1720 200000 29
1724 200000 59
1728 200000 89
1732 200000 29
1736 200000 61
1740 200000 90
1744 200000 29
1748 200000 63
1752 200000 93
1756 200000 31
1760 200000 59
1764 200000 90
1768 200000 31
1772 200000 65
1776 200000 92
1780 200000 34
1784 200000 61
1788 200000 92
1792 200000 36
1796 200000 63
1800 200000 95
1804 200000 30
1808 200000 61
1812 200000 89
1816 200000 32
1820 200000 59
1824 200000 89
1828 200000 32
1832 200000 60
1836 200000 89
1840 200000 30
1844 200000 58
1848 200000 87
1852 200000 33
1856 200000 62
1860 200000 93
1864 200000 35
1868 200000 67
1872 200000 100
1876 200000 39
1880 200000 68
1884 200000 99
1888 200000 30
1892 200000 62
1896 200000 93
1900 200000 39
1904 200000 69
1908 200000 110
1912 200000 46
1916 200000 78
1920 200000 110
1924 200000 45
1928 200000 91
1932 200000 131
1936 200000 64
1940 200000 114
1944 200000 151
1948 200000 79
1952 200000 111
1956 200000 139
1960 200000 68
1964 200000 105
1968 200000 130
1972 200000 71
1976 200000 104
1980 200000 132
1984 200000 62
1988 200000 95
1992 200000 128
1996 200000 58
2000 200000 91
2004 200000 124
2008 200000 51
2012 200000 82
2016 200000 116
2020 200000 45
2024 200000 72
2028 200000 100
2032 200000 29
2036 200000 60
2040 200000 90
2044 200000 33
2048 200000 65
2052 200000 93
2056 200000 49
2060 200000 82
2064 200000 116
2068 200000 45
2072 200000 79
2076 200000 109
2080 200000 54
2084 200000 81
2088 200000 126
2092 200000 55
2096 200000 85
2100 200000 118
2104 200000 53
2108 200000 84
2112 200000 115
2116 200000 46
2120 200000 75
2124 200000 107
2128 200000 37
2132 200000 69
2136 200000 100
2140 200000 33
2144 200000 65
2148 200000 108
2152 200000 43
2156 200000 79
2160 200000 109
2164 200000 38
2168 200000 68
2172 200000 109
2176 200000 47
2180 200000 78
2184 200000 109
2188 200000 48
2192 200000 79
2196 200000 110
2200 200000 46
2204 200000 76
2208 200000 110
2212 200000 39
2216 200000 69
2220 200000 97
2224 200000 29
2228 200000 58
2232 200000 86
2236 200000 50
2240 200000 80
2244 200000 110
2248 200000 42
2252 200000 74
2256 200000 110
2260 200000 50
2264 200000 86
2268 200000 119
2272 200000 52
2276 200000 96
2280 200000 123
2284 200000 60
2288 200000 89
2292 200000 123
2296 200000 52
2300 200000 80
2304 200000 108
2308 200000 41
2312 200000 74
2316 200000 104
2320 200000 34
2324 200000 60
2328 200000 91
2332 200000 30
2336 200000 61
2340 200000 91
2344 200000 33
2348 200000 68
2352 200000 106
2356 200000 38
2360 200000 72
2364 200000 115
2368 200000 47
2372 200000 84
2376 200000 119
2380 200000 51
2384 200000 92
2388 200000 124
2392 200000 52
2396 200000 82
2400 200000 112
