4 200000 61
8 200000 84
12 200000 103
16 200000 31
20 200000 52
24 200000 75
28 200000 25
32 200000 47
36 200000 68
40 200000 25
44 200000 46
48 200000 69
52 200000 24
56 200000 46
60 200000 70
64 200000 27
68 200000 49
72 200000 69
76 200000 45
80 200000 64
84 200000 87
88 200000 28
92 200000 49
96 200000 75
100 200000 26
104 200000 45
108 200000 68
112 200000 25
116 200000 47
120 200000 68
124 200000 34
128 200000 56
132 200000 76
136 200000 26
140 200000 46
144 200000 68
148 200000 24
152 200000 45
156 200000 67
160 200000 27
164 200000 48
168 200000 71
172 200000 24
176 200000 48
180 200000 71
184 200000 26
188 200000 47
192 200000 67
196 200000 54
200 200000 76
204 200000 105
208 200000 30
212 200000 53
216 200000 76
220 200000 46
224 200000 68
228 200000 88
232 200000 24
236 200000 46
240 200000 69
244 200000 27
248 200000 47
252 200000 69
256 200000 24
260 200000 46
264 200000 66
268 200000 27
272 200000 46
276 200000 70
280 200000 26
284 200000 46
288 200000 67
292 200000 29
296 200000 50
300 200000 71
304 200000 24
308 200000 46
312 200000 68
316 200000 23
320 200000 45
324 200000 68
328 200000 29
332 200000 52
336 200000 73
340 200000 26
344 200000 48
348 200000 70
352 200000 24
356 200000 45
360 200000 68
364 200000 23
368 200000 45
372 200000 67
376 200000 28
380 200000 51
384 200000 70
388 200000 26
392 200000 48
396 200000 70
400 200000 24
404 200000 49
408 200000 77
412 200000 24
416 200000 47
420 200000 68
424 200000 23
428 200000 45
432 200000 67
436 200000 56
440 200000 76
444 200000 95
448 200000 24
452 200000 45
456 200000 66
460 200000 25
464 200000 47
468 200000 68
472 200000 23
476 200000 46
480 200000 68
484 200000 23
488 200000 44
492 200000 66
496 200000 25
500 200000 46
504 200000 68
508 200000 25
512 200000 49
516 200000 67
520 200000 23
524 200000 45
528 200000 65
532 200000 52
536 200000 72
540 200000 93
544 200000 25
548 200000 48
552 200000 69
556 200000 50
560 200000 71
564 200000 93
568 200000 22
572 200000 45
576 200000 67
580 200000 51
584 200000 72
588 200000 93
592 200000 23
596 200000 44
600 200000 66
604 200000 25
608 200000 46
612 200000 67
616 200000 24
620 200000 48
624 200000 71
628 200000 24
632 200000 45
636 200000 66
640 200000 25
644 200000 45
648 200000 67
652 200000 25
656 200000 46
660 200000 68
664 200000 23
668 200000 44
672 200000 66
676 200000 25
680 200000 45
684 200000 69
688 200000 25
692 200000 48
696 200000 69
700 200000 23
704 200000 48
708 200000 72
712 200000 25
716 200000 46
720 200000 68
724 200000 26
728 200000 46
732 200000 67
736 200000 23
740 200000 45
744 200000 69
748 200000 24
752 200000 45
756 200000 67
760 200000 24
764 200000 44
768 200000 66
772 200000 52
776 200000 73
780 200000 92
784 200000 29
788 200000 50
792 200000 71
796 200000 22
800 200000 44
804 200000 68
808 200000 23
812 200000 48
816 200000 68
820 200000 54
824 200000 75
828 200000 95
832 200000 24
836 200000 45
840 200000 68
844 200000 24
848 200000 47
852 200000 68
856 200000 23
860 200000 45
864 200000 66
868 200000 26
872 200000 48
876 200000 69
880 200000 25
884 200000 49
888 200000 67
892 200000 23
896 200000 45
900 200000 69
904 200000 28
908 200000 50
912 200000 72
916 200000 23
920 200000 44
924 200000 68
928 200000 24
932 200000 45
936 200000 66
940 200000 25
944 200000 47
948 200000 69
952 200000 23
956 200000 45
960 200000 66
964 200000 22
968 200000 45
972 200000 67
976 200000 24
980 200000 48
984 200000 71
988 200000 49
992 200000 69
996 200000 90
1000 200000 24
1004 200000 47
1008 200000 68
1012 200000 25
1016 200000 47
1020 200000 67
1024 200000 25
1028 200000 47
1032 200000 68
1036 200000 33
1040 200000 54
1044 200000 74
1048 200000 40
1052 200000 62
1056 200000 85
1060 200000 23
1064 200000 50
1068 200000 81
1072 200000 22
1076 200000 60
1080 200000 81
1084 200000 23
1088 200000 46
1092 200000 74
1096 200000 22
1100 200000 44
1104 200000 69
1108 200000 23
1112 200000 46
1116 200000 68
1120 200000 22
1124 200000 47
1128 200000 68
1132 200000 23
1136 200000 44
1140 200000 65
1144 200000 23
1148 200000 45
1152 200000 67
1156 200000 23
1160 200000 44
1164 200000 67
1168 200000 23
1172 200000 46
1176 200000 67
1180 200000 23
1184 200000 46
1188 200000 67
1192 200000 25
1196 200000 44
1200 200000 66
1204 200000 36
1208 200000 56
1212 200000 77
1216 200000 41
1220 200000 62
1224 200000 83
1228 200000 22
1232 200000 44
1236 200000 67
1240 200000 24
1244 200000 46
1248 200000 68
1252 200000 23
1256 200000 46
1260 200000 69
1264 200000 23
1268 200000 45
1272 200000 68
1276 200000 23
1280 200000 45
1284 200000 67
1288 200000 22
1292 200000 59
1296 200000 81
1300 200000 23
1304 200000 44
1308 200000 65
1312 200000 23
1316 200000 44
1320 200000 66
1324 200000 23
1328 200000 45
1332 200000 68
1336 200000 24
1340 200000 45
1344 200000 67
1348 200000 25
1352 200000 44
1356 200000 66
1360 200000 23
1364 200000 45
1368 200000 66
1372 200000 24
1376 200000 45
1380 200000 67
1384 200000 23
1388 200000 46
1392 200000 66
1396 200000 24
1400 200000 47
1404 200000 70
1408 200000 23
1412 200000 45
1416 200000 66
1420 200000 24
1424 200000 49
1428 200000 75
1432 200000 23
1436 200000 47
1440 200000 72
1444 200000 24
1448 200000 50
1452 200000 71
1456 200000 26
1460 200000 50
1464 200000 72
1468 200000 24
1472 200000 53
1476 200000 77
1480 200000 25
1484 200000 51
1488 200000 72
1492 200000 23
1496 200000 56
1500 200000 79
1504 200000 25
1508 200000 46
1512 200000 77
1516 200000 23
1520 200000 44
1524 200000 67
1528 200000 23
1532 200000 45
1536 200000 66
1540 200000 24
1544 200000 46
1548 200000 67
1552 200000 23
1556 200000 46
1560 200000 67
1564 200000 23
1568 200000 44
1572 200000 67
1576 200000 24
1580 200000 46
1584 200000 69
1588 200000 25
1592 200000 50
1596 200000 71
1600 200000 36
1604 200000 58
1608 200000 78
1612 200000 39
1616 200000 60
1620 200000 80
1624 200000 23
1628 200000 44
1632 200000 67
1636 200000 24
1640 200000 46
1644 200000 68
1648 200000 23
1652 200000 52
1656 200000 77
1660 200000 26
1664 200000 48
1668 200000 69
1672 200000 30
1676 200000 54
1680 200000 75
1684 200000 26
1688 200000 53
1692 200000 80
1696 200000 25
1700 200000 46
1704 200000 68
1708 200000 28
1712 200000 51
1716 200000 75
1720 200000 32
1724 200000 76
1728 200000 98
1732 200000 30
1736 200000 54
1740 200000 78
1744 200000 29
1748 200000 55
1752 200000 88
1756 200000 28
1760 200000 57
1764 200000 83
1768 200000 25
1772 200000 48
1776 200000 75
1780 200000 25
1784 200000 47
1788 200000 70
1792 200000 24
1796 200000 48
1800 200000 69
1804 200000 23
1808 200000 45
1812 200000 67
1816 200000 24
1820 200000 46
1824 200000 68
1828 200000 23
1832 200000 46
1836 200000 67
1840 200000 22
1844 200000 45
1848 200000 74
1852 200000 23
1856 200000 47
1860 200000 75
1864 200000 23
1868 200000 46
1872 200000 68
1876 200000 23
1880 200000 52
1884 200000 71
1888 200000 24
1892 200000 50
1896 200000 77
1900 200000 22
1904 200000 48
1908 200000 74
1912 200000 24
1916 200000 46
1920 200000 90
1924 200000 24
1928 200000 56
1932 200000 77
1936 200000 27
1940 200000 48
1944 200000 76
1948 200000 24
1952 200000 45
1956 200000 68
1960 200000 24
1964 200000 50
1968 200000 75
1972 200000 27
1976 200000 48
1980 200000 72
1984 200000 25
1988 200000 47
1992 200000 69
1996 200000 24
2000 200000 46
2004 200000 68
2008 200000 23
2012 200000 52
2016 200000 74
2020 200000 23
2024 200000 67
2028 200000 92
2032 200000 23
2036 200000 44
2040 200000 69
2044 200000 25
2048 200000 47
2052 200000 69
2056 200000 29
2060 200000 50
2064 200000 91
2068 200000 34
2072 200000 60
2076 200000 82
2080 200000 29
2084 200000 51
2088 200000 77
2092 200000 23
2096 200000 47
2100 200000 69
2104 200000 31
2108 200000 50
2112 200000 76
2116 200000 24
2120 200000 50
2124 200000 73
2128 200000 23
2132 200000 48
2136 200000 70
2140 200000 49
2144 200000 77
2148 200000 101
2152 200000 28
2156 200000 57
2160 200000 78
2164 200000 26
2168 200000 48
2172 200000 93
2176 200000 26
2180 200000 54
2184 200000 79
2188 200000 25
2192 200000 66
2196 200000 88
2200 200000 27
2204 200000 49
2208 200000 74
2212 200000 25
2216 200000 46
2220 200000 68
2224 200000 23
2228 200000 45
2232 200000 68
2236 200000 25
2240 200000 51
2244 200000 77
2248 200000 48
2252 200000 75
2256 200000 98
2260 200000 36
2264 200000 57
2268 200000 78
2272 200000 41
2276 200000 62
2280 200000 85
2284 200000 29
2288 200000 50
2292 200000 84
2296 200000 29
2300 200000 53
2304 200000 83
2308 200000 27
2312 200000 48
2316 200000 75
2320 200000 24
2324 200000 50
2328 200000 78
2332 200000 29
2336 200000 50
2340 200000 78
2344 200000 29
2348 200000 51
2352 200000 79
2356 200000 30
2360 200000 50
2364 200000 73
2368 200000 23
2372 200000 50
2376 200000 71
2380 200000 23
2384 200000 50
2388 200000 76
2392 200000 24
2396 200000 48
2400 200000 74
