4 200000 137
40 200000 190
616 200000 197
760 200000 199
904 200000 200
976 200000 194
1000 200000 196
1048 200000 201
1072 196126 202
1096 200000 194
1696 196181 201
1744 200000 185
1852 200000 192
2020 200000 176
2128 200000 187
2200 200000 193
2332 200000 168
8 40155 20195
12 40992 20286
16 196363 20186
20 22658 20304
24 23409 20393
28 32892 20390
32 27950 20494
36 26033 20593
44 21889 20596
48 14457 20709
52 85888 20670
56 37914 20775
60 32786 20866
64 145864 20800
68 27148 20899
72 27896 21007
76 85899 20963
80 34856 21060
84 34047 21153
88 151934 21079
92 24832 21179
96 24637 21281
100 95569 21241
104 27472 21339
108 23791 21439
112 160530 21363
116 28319 21460
120 25468 21560
124 102292 21518
128 27756 21615
132 26910 21709
136 146009 21642
140 29030 21740
144 26212 21837
148 94800 21808
152 32395 21889
156 32368 21995
160 136036 21929
164 30035 22030
168 29796 22119
172 102602 22082
176 31230 22180
180 32159 22263
184 143464 22199
188 28620 22292
192 29026 22387
196 82140 22360
200 37531 22455
204 38156 22532
208 140959 22466
212 32562 22558
216 26188 22655
220 103682 22609
224 29790 22702
228 30389 22796
232 157109 22720
236 24573 22822
240 23498 22915
244 81587 22883
248 34393 22975
252 32552 23067
256 159312 22993
260 26266 23090
264 27135 23186
268 84342 23151
272 33741 23242
276 34394 23332
280 152786 23258
284 24827 23354
288 24692 23452
292 93973 23411
296 35024 23502
300 34486 23598
304 154786 23519
308 26309 23615
312 18408 23712
316 85232 23676
320 38560 23765
324 31954 23866
328 174594 23775
332 22328 23872
336 19841 23972
340 72655 23942
344 32225 24038
348 35452 24125
352 158810 24049
356 28572 24143
360 27057 24237
364 83052 24202
368 29324 24300
372 29990 24396
376 174327 24309
380 25185 24405
384 24300 24501
388 75158 24470
392 29022 24564
396 28414 24658
400 148891 24591
404 32555 24680
408 31719 24771
412 96109 24730
416 34905 24821
420 27668 24915
424 132790 24854
428 33390 24949
432 33490 25036
436 88003 25000
440 35612 25088
444 35235 25179
448 156072 25104
452 27017 25200
456 25134 25295
460 94334 25255
464 34606 25347
468 33821 25443
472 160281 25364
476 23682 25461
480 22593 25560
484 41594 25548
488 58887 25625
492 37620 25714
496 182364 25624
500 27511 25721
504 19900 25820
508 64658 25794
512 36584 25884
516 37026 25974
520 182637 25888
524 24489 25982
528 23257 26078
532 64367 26057
536 34676 26145
540 33040 26237
544 185133 26146
548 20810 26259
552 20622 26358
556 55200 26337
560 34037 26429
564 31815 26521
568 166446 26441
572 28371 26535
576 28803 26633
580 80315 26599
584 33993 26691
588 30110 26785
592 184636 26697
596 26224 26792
600 25493 26885
604 54068 26866
608 33143 26958
612 32724 27055
620 17656 27050
624 16845 27152
628 76551 27120
632 29900 27214
636 29784 27308
640 185199 27216
644 20883 27314
648 19207 27422
652 64330 27395
656 33931 27487
660 32071 27578
664 184294 27493
668 21652 27590
672 20881 27692
676 66297 27662
680 34880 27753
684 33311 27848
688 190312 27751
692 21413 27850
696 17730 27950
700 65435 27926
704 27651 28025
708 26758 28117
712 185121 28028
716 24368 28126
720 22639 28224
724 67283 28195
728 32856 28287
732 27908 28385
736 189713 28286
740 22869 28386
744 21009 28485
748 60437 28462
752 27585 28579
756 24373 28676
764 19966 28680
768 19700 28777
772 62965 28753
776 40187 28843
780 31293 28935
784 155541 28862
788 26834 28961
792 25091 29055
796 119074 29000
800 28648 29095
804 28132 29190
808 137518 29127
812 23278 29225
816 21419 29325
820 126990 29267
824 24395 29364
828 23427 29462
832 124243 29405
836 27851 29504
840 25663 29599
844 109918 29549
848 30766 29642
852 28486 29738
856 160043 29662
860 26773 29756
864 25077 29854
868 83571 29821
872 29174 29914
876 29085 30009
880 37395 30000
884 157622 30024
888 29329 30119
892 77971 30091
896 31002 30183
900 22336 30282
908 21192 30282
912 18928 30383
916 69358 30357
920 31718 30450
924 26396 30547
928 165197 30466
932 27161 30563
936 26341 30660
940 38485 30651
944 47200 30734
948 32994 30827
952 183040 30738
956 31576 30831
960 28626 30928
964 73058 30899
968 15309 31002
972 13734 31105
980 26678 31104
984 25163 31201
988 50571 31186
992 36565 31274
996 35527 31369
1004 20129 31368
1008 20136 31468
1012 40565 31460
1016 39581 31549
1020 30547 31643
1024 185187 31553
1028 33688 31644
1032 33362 31736
1036 50928 31720
1040 26901 31817
1044 24138 31914
1052 31395 31912
1056 30530 32003
1060 34906 31999
1064 24814 32097
1068 24354 32191
1076 37656 32183
1080 39259 32275
1084 42231 32261
1088 22739 32361
1092 22949 32458
1100 31110 32456
1104 26978 32551
1108 69029 32526
1112 24442 32623
1116 24869 32724
1120 112777 32672
1124 46824 32756
1128 45980 32843
1132 131871 32780
1136 23864 32879
1140 22233 32978
1144 112605 32927
1148 33146 33021
1152 32825 33117
1156 53184 33098
1160 44069 33184
1164 39864 33274
1168 113063 33225
1172 50406 33308
1176 48981 33394
1180 71750 33365
1184 43744 33453
1188 43011 33543
1192 137295 33477
1196 41038 33567
1200 39935 33657
1204 43601 33648
1208 42929 33735
1212 39095 33826
1216 145742 33758
1220 48156 33843
1224 47833 33929
1228 85777 33894
1232 34690 33989
1236 33169 34082
1240 125303 34024
1244 40279 34116
1248 38928 34204
1252 55254 34187
1256 49596 34269
1260 45873 34356
1264 154705 34284
1268 38828 34374
1272 38929 34465
1276 48706 34451
1280 31662 34545
1284 29879 34642
1288 169727 34561
1292 44537 34649
1296 42106 34738
1300 45552 34723
1304 39198 34814
1308 39147 34906
1312 139611 34842
1316 38953 34934
1320 39318 35023
1324 46901 35008
1328 44864 35095
1332 43112 35184
1336 127533 35127
1340 47931 35213
1344 46280 35298
1348 52979 35281
1352 45508 35368
1356 42994 35456
1360 83849 35422
1364 61745 35499
1368 59697 35577
1372 108410 35531
1376 39749 35621
1380 38029 35712
1384 61525 35690
1388 50969 35782
1392 50939 35863
1396 89106 35828
1400 52527 35911
1404 55281 35991
1408 82852 35957
1412 44908 36044
1416 44494 36133
1420 110852 36085
1424 41843 36176
1428 41291 36265
1432 103357 36221
1436 38627 36312
1440 36861 36405
1444 85048 36369
1448 46456 36455
1452 48343 36542
1456 123010 36484
1460 38863 36575
1464 38519 36667
1468 92184 36630
1472 38234 36721
1476 36959 36815
1480 95994 36775
1484 46131 36862
1488 47548 36950
1492 104952 36903
1496 43952 36990
1500 40510 37080
1504 68927 37056
1508 51502 37143
1512 48830 37224
1516 102580 37182
1520 44020 37269
1524 42420 37357
1528 95492 37317
1532 44959 37405
1536 42619 37495
1540 96738 37457
1544 39340 37550
1548 39809 37637
1552 88405 37601
1556 51181 37684
1560 48442 37772
1564 109322 37725
1568 37584 37818
1572 38518 37907
1576 73026 37880
1580 50073 37964
1584 53513 38046
1588 109622 37999
1592 43473 38086
1596 42493 38176
1600 82840 38146
1604 50985 38228
1608 49225 38314
1612 84442 38280
1616 50240 38365
1620 47514 38451
1624 111571 38401
1628 40446 38494
1632 40605 38585
1636 71887 38555
1640 43251 38645
1644 43430 38735
1648 161759 38657
1652 35340 38749
1656 36001 38842
1660 54416 38827
1664 34081 38921
1668 34536 39012
1672 170229 38931
1676 43451 39021
1680 39377 39111
1684 41073 39104
1688 36810 39195
1692 35788 39287
1700 33609 39282
1704 30816 39377
1708 57907 39361
1712 20943 39462
1716 21058 39564
1720 189806 39467
1724 37250 39560
1728 34659 39654
1732 41724 39642
1736 33018 39753
1740 33646 39845
1748 12144 39852
1752 16057 39957
1756 92751 39919
1760 34289 40017
1764 34523 40110
1768 115483 40061
1772 38872 40153
1776 37099 40243
1780 171236 40161
1784 19418 40265
1788 20839 40364
1792 88111 40328
1796 36942 40421
1800 35415 40512
1804 112189 40465
1808 33796 40559
1812 35010 40654
1816 83717 40622
1820 43507 40711
1824 44652 40799
1828 159812 40723
1832 28986 40820
1836 28094 40919
1840 58167 40897
1844 41190 40988
1848 41923 41077
1856 15776 41081
1860 17396 41185
1864 71822 41159
1868 29991 41254
1872 27715 41351
1876 185324 41258
1880 29626 41354
1884 29052 41453
1888 40552 41447
1892 36893 41540
1896 35362 41633
1900 200000 41534
1904 23974 41634
1908 24759 41733
1912 37249 41727
1916 36034 41820
1920 35043 41914
1924 166623 41833
1928 38944 41926
1932 38993 42015
1936 62321 41994
1940 42092 42084
1944 40242 42173
1948 163373 42095
1952 28655 42194
1956 29532 42291
1960 54670 42276
1964 54696 42360
1968 51195 42443
1972 80987 42411
1976 52728 42493
1980 46663 42579
1984 108188 42533
1988 37664 42625
1992 37454 42719
1996 118288 42668
2000 43296 42755
2004 42948 42844
2008 47396 42837
2012 42523 42927
2016 42784 43019
2024 5597 43028
2028 5079 43137
2032 181551 43046
2036 18360 43147
2040 16592 43253
2044 72215 43227
2048 37059 43323
2052 33609 43417
2056 136799 43354
2060 34643 43448
2064 32704 43542
2068 122597 43485
2072 23206 43587
2076 23011 43687
2080 44465 43676
2084 95771 43737
2088 36514 43828
2092 122068 43774
2096 29901 43869
2100 29866 43967
2104 62774 43945
2108 57745 44028
2112 56175 44111
2116 105456 44060
2120 31846 44155
2124 30976 44256
2132 6488 44265
2136 3330 44375
2140 79010 44349
2144 39819 44438
2148 38625 44532
2152 170245 44445
2156 24521 44546
2160 28315 44642
2164 129419 44589
2168 15492 44692
2172 16112 44795
2176 57048 44780
2180 52020 44862
2184 49698 44948
2188 95419 44910
2192 35860 45000
2196 35589 45097
2204 7950 45100
2208 6455 45210
2212 154724 45139
2216 16783 45242
2220 16324 45344
2224 55328 45326
2228 41516 45413
2232 40629 45505
2236 161406 45422
2240 28443 45520
2244 33483 45615
2248 116806 45560
2252 26788 45665
2256 27568 45761
2260 188713 45670
2264 3873 45780
2268 3873 45890
2272 140928 45823
2276 10328 45934
2280 12446 46041
2284 65044 46019
2288 43656 46106
2292 46092 46196
2296 137164 46139
2300 15484 46244
2304 13039 46349
2308 184305 46259
2312 18066 46362
2316 17127 46468
2320 29671 46478
2324 30867 46572
2328 24521 46676
2336 1291 46675
2340 1291 46787
2344 131899 46733
2348 34995 46827
2352 34274 46921
2356 136798 46858
2360 15484 46964
2364 14321 47068
2368 151702 46997
2372 12894 47101
2376 13699 47206
2380 104648 47160
2384 18074 47262
2388 20542 47365
2392 194486 47270
2396 7883 47379
2400 6455 47488
