4 200000 70
8 200000 103
12 200000 137
16 200000 79
20 200000 115
24 200000 151
28 200000 90
32 200000 133
36 200000 169
40 200000 107
44 200000 142
48 200000 178
52 200000 123
56 200000 164
60 200000 196
64 200000 132
68 200000 171
76 200000 138
80 200000 176
88 200000 137
92 200000 176
100 200000 131
104 200000 171
112 200000 135
116 200000 173
124 200000 140
128 200000 176
136 200000 138
140 200000 178
148 200000 136
152 200000 191
160 200000 131
164 200000 170
172 200000 141
176 200000 177
184 200000 138
188 200000 178
196 200000 129
200 200000 169
208 200000 139
212 200000 176
220 200000 134
224 200000 173
232 200000 133
236 200000 172
244 200000 137
248 200000 175
256 200000 139
260 200000 190
268 200000 133
272 200000 169
280 200000 138
284 200000 178
292 200000 139
296 200000 185
304 200000 133
308 200000 176
316 200000 134
320 200000 176
328 200000 134
332 200000 172
340 200000 134
344 200000 172
352 200000 142
356 200000 185
364 200000 132
368 200000 177
376 200000 134
380 200000 176
388 200000 134
392 200000 171
400 200000 136
404 200000 173
412 200000 138
416 200000 176
424 200000 137
428 200000 176
436 200000 134
440 200000 174
448 200000 132
452 200000 169
460 200000 135
464 200000 174
472 200000 134
476 200000 172
484 200000 127
488 200000 163
492 194586 201
496 200000 138
500 200000 180
508 200000 140
512 200000 185
520 200000 132
524 200000 174
532 200000 139
536 200000 180
544 200000 135
548 200000 175
556 200000 136
560 200000 172
568 200000 133
572 200000 170
580 200000 138
584 200000 177
592 200000 133
596 200000 170
604 200000 124
608 200000 163
612 200000 197
616 200000 135
620 200000 173
628 200000 130
632 200000 166
640 200000 141
652 200000 139
656 200000 179
664 200000 135
668 200000 172
676 200000 132
680 200000 168
688 200000 138
692 200000 174
700 200000 128
704 200000 163
708 200000 199
712 200000 138
716 200000 176
724 200000 131
728 200000 166
732 185128 202
736 200000 141
740 200000 181
748 200000 131
752 200000 166
760 200000 138
764 200000 176
772 200000 138
776 200000 174
784 200000 131
788 200000 167
796 200000 134
800 200000 171
808 200000 133
812 200000 168
820 200000 142
824 200000 178
832 200000 121
836 200000 157
840 200000 193
844 200000 131
848 200000 166
856 200000 142
860 200000 178
868 200000 132
872 200000 168
880 200000 135
884 200000 170
892 200000 133
896 200000 170
904 200000 135
908 200000 171
916 200000 148
920 200000 183
928 200000 131
932 200000 166
940 200000 137
944 200000 173
952 200000 136
956 200000 174
964 200000 130
968 200000 168
976 200000 140
980 200000 177
988 200000 140
992 200000 176
1000 200000 149
1004 200000 194
1012 200000 134
1016 200000 170
1024 200000 134
1028 200000 170
1036 200000 140
1040 200000 178
1048 200000 134
1052 200000 170
1060 200000 133
1064 200000 170
1072 200000 142
1076 200000 177
1084 200000 125
1088 200000 161
1092 200000 197
1096 200000 133
1100 200000 169
1108 200000 139
1112 200000 174
1120 200000 140
1124 200000 175
1132 200000 140
1136 200000 175
1144 200000 130
1148 200000 167
1156 200000 140
1160 200000 175
1168 200000 130
1172 200000 167
1180 200000 139
1184 200000 175
1192 200000 136
1196 200000 173
1204 200000 136
1208 200000 173
1216 200000 136
1220 200000 173
1228 200000 125
1232 200000 161
1236 200000 196
1240 200000 137
1244 200000 173
1252 200000 135
1256 200000 170
1264 200000 137
1268 200000 171
1276 200000 141
1280 200000 177
1288 200000 124
1292 200000 159
1296 200000 196
1300 200000 133
1304 200000 170
1312 200000 139
1316 200000 174
1324 200000 140
1328 200000 175
1336 200000 138
1340 200000 177
1348 200000 132
1352 200000 168
1360 200000 137
1364 200000 173
1372 200000 142
1376 200000 182
1384 200000 135
1388 200000 172
1396 200000 136
1400 200000 177
1408 200000 140
1412 200000 181
1420 200000 128
1424 200000 183
1432 200000 138
1436 200000 178
1444 200000 142
1448 200000 181
1456 200000 136
1460 200000 177
1468 200000 142
1472 200000 181
1480 200000 131
1484 200000 175
1492 200000 153
1504 200000 145
1508 200000 188
1516 200000 143
1520 200000 188
1528 200000 146
1532 200000 187
1540 200000 137
1544 200000 172
1552 200000 134
1556 200000 185
1564 200000 128
1568 200000 172
1576 200000 125
1580 200000 173
1588 200000 144
1592 200000 191
1600 200000 140
1604 200000 177
1612 200000 133
1616 200000 175
1624 200000 132
1628 200000 195
1636 200000 139
1640 200000 185
1648 200000 142
1652 200000 189
1660 200000 132
1664 200000 179
1672 200000 138
1676 200000 179
1684 200000 134
1688 200000 177
1696 200000 132
1700 200000 177
1708 200000 132
1712 200000 173
1720 200000 133
1724 200000 177
1732 200000 130
1736 200000 173
1744 200000 149
1748 200000 197
1756 200000 133
1760 200000 180
1768 200000 147
1772 200000 194
1780 200000 132
1784 200000 171
1792 200000 126
1796 200000 175
1804 200000 155
1816 200000 146
1820 200000 192
1828 200000 130
1832 200000 169
1840 200000 156
1844 198983 200
1852 200000 133
1856 200000 178
1864 200000 149
1876 200000 134
1880 200000 187
1888 200000 156
1900 200000 153
1912 200000 144
1916 200000 187
1924 200000 127
1928 200000 173
1936 200000 149
1948 200000 144
1952 200000 196
1960 200000 154
1972 200000 140
1976 200000 197
1984 200000 128
1988 200000 173
1996 200000 171
2008 200000 150
2012 200000 185
2020 200000 129
2024 200000 183
2032 200000 156
2044 200000 140
2048 200000 169
2056 200000 172
2068 200000 149
2080 200000 158
2092 200000 129
2096 200000 178
2104 200000 159
2116 200000 151
2120 195634 200
2128 200000 138
2132 200000 176
2140 200000 149
2152 200000 166
2164 200000 134
2168 200000 189
2176 200000 133
2180 200000 191
2188 200000 138
2192 200000 197
2200 200000 142
2204 198932 200
2212 200000 142
2216 200000 192
2224 200000 179
2236 200000 128
2240 200000 196
2248 200000 166
2260 200000 104
2264 200000 156
2272 200000 160
2284 200000 162
2296 200000 114
2300 200000 169
2308 200000 164
2320 200000 167
2332 200000 151
2344 200000 148
2356 200000 151
2368 200000 147
2380 200000 147
2392 200000 142
72 158213 19662
84 135632 19583
96 115675 19506
108 162479 19414
120 149424 19322
132 121862 19248
144 82318 19184
156 69600 19134
168 164838 19040
180 119823 18964
192 96856 18885
204 166505 18797
216 127898 18712
228 151031 18622
240 156993 18531
252 135700 18459
264 70912 18387
276 155185 18292
288 125963 18219
300 68750 18146
312 76104 18107
324 146513 18020
336 139640 17936
348 171479 17839
360 86915 17761
372 142480 17684
384 127022 17599
396 167043 17504
408 147549 17412
420 133512 17337
432 134202 17250
444 139199 17163
456 139315 17072
468 138126 17000
480 97393 16920
504 123072 16749
516 81548 16673
528 159686 16576
540 120318 16508
552 141633 16418
564 130904 16330
576 167608 16234
588 116460 16168
600 97230 16087
624 113614 15918
636 188109 15817
644 173876 15721
648 97767 15738
660 124762 15667
672 131393 15580
684 180637 15481
696 93294 15414
720 119518 15229
744 100685 15048
756 182212 14949
768 146946 14875
780 126417 14790
792 152337 14695
804 133912 14628
816 176438 14532
828 34103 14465
852 184361 14264
864 94842 14185
876 142536 14117
888 149302 14018
900 144186 13921
912 141145 13839
924 76361 13766
936 175161 13670
948 136984 13581
960 137019 13498
972 174614 13398
984 132203 13318
996 137631 13229
1008 0 13171
1020 166074 13079
1032 138736 12991
1044 130774 12912
1056 152619 12820
1068 144701 12727
1080 50618 12693
1104 174866 12495
1116 131071 12410
1128 122161 12346
1140 109886 12271
1152 181583 12174
1164 92891 12092
1176 187741 11993
1188 125157 11917
1200 142611 11821
1212 155354 11728
1224 65714 11656
1248 148070 11465
1260 154689 11369
1272 157368 11278
1284 62371 11212
1308 170795 11014
1320 112231 10932
1332 103657 10877
1344 125842 10813
1356 166229 10724
1368 124177 10638
1380 42796 10569
1392 121887 10488
1404 76710 10405
1416 37916 10339
1428 52931 10255
1440 67722 10186
1452 84021 10111
1464 89415 10027
1476 30309 9960
1488 123657 9870
1496 175160 9791
1500 40021 9825
1512 41433 9747
1524 5156 9688
1536 5343 9626
1548 79733 9552
1560 14201 9487
1572 71044 9404
1584 81722 9318
1596 0 9272
1608 81854 9193
1620 73642 9115
1632 41304 9039
1644 28402 8971
1656 5164 8927
1668 57865 8855
1680 39925 8777
1692 45957 8708
1704 24152 8641
1716 69552 8560
1728 72296 8483
1740 113833 8415
1752 21947 8416
1764 86497 8349
1776 0 8296
1788 97531 8214
1800 114918 8121
1808 176418 8041
1812 24491 8074
1824 0 8016
1836 122305 7917
1848 23193 7858
1860 32455 7792
1868 194041 7699
1872 42537 7731
1884 1289 7655
1892 140675 7585
1896 32216 7615
1904 154406 7532
1908 52849 7561
1920 1289 7484
1932 121166 7382
1940 99011 7310
1944 78629 7333
1956 37381 7260
1964 176951 7162
1968 2569 7199
1980 6445 7133
1992 15698 7059
2000 54138 7018
2004 54138 7047
2016 65739 6961
2028 47693 6865
2036 47601 6820
2040 48973 6848
2052 91855 6746
2060 51292 6693
2064 52841 6719
2072 143765 6642
2076 37381 6672
2084 79909 6596
2088 61872 6623
2100 53914 6537
2108 61387 6482
2112 63161 6516
2124 0 6453
2136 23042 6370
2144 108612 6296
2148 61872 6321
2156 58005 6263
2160 33002 6304
2172 5156 6238
2184 3867 6169
2196 6437 6106
2208 0 6037
2220 9023 5973
2228 24491 5945
2232 25780 5982
2244 19326 5901
2252 54129 5844
2256 4455 5879
2268 138734 5758
2276 56980 5703
2280 37372 5736
2288 75222 5677
2292 11601 5720
2304 102144 5608
2312 80962 5535
2316 60583 5562
2324 65739 5495
2328 52849 5524
2336 67762 5454
2340 61872 5481
2348 100295 5400
2352 59294 5436
2360 70766 5360
2364 58005 5387
2372 110890 5300
2376 47693 5327
2384 112538 5238
2388 46404 5267
2396 94701 5174
2400 45106 5207
