4 45062 380
8 0 508
12 0 601
16 0 523
20 0 565
24 0 586
28 0 519
32 0 539
36 0 559
40 0 466
44 0 487
48 0 507
64 0 557
68 0 579
72 0 599
76 0 501
52 0 1106
84 0 899
88 0 823
92 0 830
96 0 838
104 0 516
108 0 538
112 200000 131
56 0 1391
60 0 1394
80 0 1189
100 104571 747
116 136846 447
120 0 459
124 0 437
128 0 441
132 0 534
136 0 337
140 0 397
144 0 436
148 0 493
152 0 535
156 0 590
160 0 509
164 0 541
168 0 605
172 0 583
176 0 635
180 0 683
184 0 623
188 0 689
192 0 720
196 0 678
200 0 713
204 0 768
208 0 706
212 0 756
216 0 795
220 0 750
224 0 778
228 0 840
232 0 772
236 0 845
240 0 866
244 0 849
248 0 873
252 0 954
256 0 875
260 0 963
264 0 982
268 0 959
272 0 990
276 0 1051
280 0 994
284 0 1040
288 0 1094
292 0 1045
296 0 1108
300 0 1220
304 0 1144
308 0 1239
312 0 1375
316 0 1357
320 0 1441
324 0 1533
328 0 1515
332 0 1613
336 0 1696
340 0 1679
344 0 1764
348 0 1854
352 0 1832
356 0 1950
360 0 2031
364 0 2000
368 0 2091
372 0 2160
376 0 2117
380 0 2207
384 0 2297
388 0 2306
392 0 2386
396 0 2446
400 0 2437
404 0 2515
408 0 2605
412 0 2595
416 0 2684
420 0 2777
424 0 2749
428 0 2851
432 0 2929
436 0 2906
440 0 2973
444 0 3038
448 0 3015
452 0 3098
456 0 3237
460 0 3190
464 0 3251
468 0 3312
472 0 3308
476 0 3379
480 0 3448
484 0 3414
488 0 3478
492 0 3548
496 0 3531
500 0 3585
504 0 3700
508 0 3676
512 0 3742
516 0 3803
520 0 3776
524 0 3839
528 0 3923
532 0 3887
536 0 3980
540 0 4040
544 0 4005
548 0 4073
552 0 4139
556 0 4114
560 0 4183
564 0 4254
568 0 4211
572 0 4284
576 0 4377
580 0 4319
584 0 4400
588 0 4458
592 0 4443
596 0 4566
600 0 4619
604 0 4586
608 0 4648
612 0 4723
616 0 4728
620 0 4764
624 0 4908
628 0 4935
632 0 4964
636 0 5106
640 0 5153
644 0 5198
648 0 5284
652 0 5237
656 0 5318
660 0 5415
664 0 5362
668 0 5476
672 0 5540
676 0 5537
680 0 5595
684 0 5692
688 0 5695
692 0 5751
696 0 5850
700 0 5845
704 0 5905
708 0 5968
712 0 5929
716 0 5997
720 0 6065
724 0 6033
728 0 6101
732 0 6176
736 0 6136
740 0 6197
744 0 6262
748 0 6225
752 0 6304
756 0 6364
760 0 6336
764 0 6394
768 0 6463
772 0 6420
776 0 6495
780 0 6561
784 0 6527
788 0 6581
792 0 6665
796 0 6620
800 0 6689
804 0 6758
808 0 6732
812 0 6805
816 0 6870
820 0 6838
824 0 6916
828 0 6982
832 0 6946
836 0 7009
840 0 7083
844 0 7054
848 0 7117
852 0 7188
856 0 7168
860 0 7235
864 0 7295
868 0 7265
872 0 7350
876 0 7419
880 0 7391
884 0 7454
888 0 7550
892 0 7520
896 0 7590
900 0 7656
904 0 7628
908 0 7709
912 0 7767
916 0 7757
920 0 7823
924 0 7885
928 0 7835
932 0 7906
936 0 7977
940 0 7989
944 0 8063
948 0 8157
952 0 8132
956 0 8207
960 0 8275
964 0 8251
968 0 8325
972 0 8399
976 0 8403
980 0 8476
984 0 8545
988 0 8522
992 0 8597
996 0 8672
1000 0 8650
1004 0 8751
1008 0 8827
1012 0 8808
1016 0 8884
1020 0 8962
1024 0 8940
1028 0 9018
1032 0 9096
1036 0 9064
1040 0 9171
1044 0 9249
1048 0 9239
1052 0 9311
1056 0 9370
1060 0 9352
1064 0 9424
1068 0 9480
1072 0 9477
1076 0 9545
1080 0 9625
1084 0 9639
1088 0 9700
1092 0 9776
1096 0 9768
1100 0 9842
1104 0 9908
1108 0 9885
1112 0 9958
1116 0 10039
1120 0 10013
1124 0 10097
1128 0 10183
1132 0 10141
1136 0 10228
1140 0 10318
1144 0 10332
1148 0 10415
1152 0 10487
1156 0 10458
1160 0 10548
1164 0 10637
1168 0 10634
1172 0 10718
1176 0 10798
1180 0 10778
1184 0 10864
1188 0 10947
1192 0 10864
1196 0 10953
1200 0 11038
1204 0 11081
1208 0 11146
1212 0 11229
1216 0 11198
1220 0 11288
1224 0 11370
1228 0 11280
1232 0 11339
1236 0 11430
1240 0 11470
1244 0 11537
1248 0 11617
1252 0 11558
1256 0 11646
1260 0 11729
1264 0 11692
1268 0 11754
1272 0 11847
1276 0 11855
1280 0 11923
1284 0 11990
1288 0 11979
1292 0 12057
1296 0 12128
1300 0 12105
1304 0 12188
1308 0 12276
1312 0 12242
1316 0 12292
1320 0 12400
1324 0 12376
1328 0 12456
1332 0 12537
1336 0 12485
1340 0 12568
1344 0 12647
1348 0 12568
1352 0 12636
1356 0 12717
1360 0 12739
1364 0 12812
1368 0 12869
1372 0 12849
1376 0 12922
1380 0 12980
1384 0 12948
1388 0 13016
1392 0 13069
1396 0 13064
1400 0 13140
1404 0 13222
1408 0 13187
1412 0 13243
1416 0 13323
1420 0 13270
1424 0 13348
1428 0 13422
1432 0 13402
1436 0 13479
1440 0 13554
1444 0 13529
1448 0 13607
1452 0 13681
1456 0 13666
1460 0 13741
1464 0 13806
1468 0 13771
1472 0 13850
1476 0 13934
1480 0 13911
1484 0 13956
1488 0 14004
1492 0 13990
1496 0 14063
1500 0 14116
1504 0 14077
1508 0 14155
1512 0 14226
1516 0 14201
1520 0 14272
1524 0 14350
1528 0 14291
1532 0 14364
1536 0 14438
1540 0 14402
1544 0 14482
1548 0 14554
1552 0 14530
1556 0 14609
1560 0 14678
1564 0 14650
1568 0 14694
1572 0 14766
1576 0 14717
1580 0 14764
1584 0 14841
1588 0 14809
1592 0 14886
1596 0 14961
1600 0 14973
1604 0 15054
1608 0 15090
1612 0 15050
1616 0 15090
1620 0 15187
1624 0 15154
1628 0 15190
1632 0 15257
1636 0 15250
1640 0 15280
1644 0 15355
1648 0 15303
1652 0 15352
1656 0 15447
1660 0 15421
1664 0 15496
1668 0 15580
1672 0 15519
1676 0 15591
1680 0 15665
1684 0 15622
1688 0 15702
1692 0 15790
1696 0 15712
1700 0 15776
1704 0 15832
1708 0 15808
1712 0 15847
1716 0 15936
1720 0 15887
1724 0 15926
1728 0 15962
1732 0 15962
1736 0 16039
1740 0 16114
1744 0 16068
1748 0 16135
1752 0 16171
1756 0 16161
1760 0 16234
1764 0 16308
1768 0 16260
1772 0 16389
1776 0 16399
1780 0 16391
1784 0 16504
1788 0 16635
1792 0 16573
1796 0 16646
1800 0 16724
1804 0 16749
1808 0 16804
1812 0 16878
1816 0 16829
1820 0 16900
1824 0 16972
1828 0 16948
1832 0 17015
1836 0 17082
1840 0 17043
1844 0 17107
1848 0 17178
1852 0 17133
1856 0 17196
1860 0 17279
1864 0 17242
1868 0 17303
1872 0 17376
1876 0 17378
1880 0 17438
1884 0 17511
1888 0 17446
1892 0 17503
1896 0 17575
1900 0 17571
1904 0 17649
1908 0 17722
1912 0 17661
1916 0 17749
1920 0 17793
1924 0 17799
1928 0 17906
1932 0 17960
1936 0 17914
1940 0 17973
1944 0 18050
1948 0 18039
1952 0 18113
1956 0 18164
1960 0 18093
1964 0 18163
1968 0 18226
1972 0 18218
1976 0 18299
1980 0 18340
1984 0 18272
1988 0 18341
1992 0 18403
1996 0 18393
2000 0 18453
2004 0 18512
2008 0 18439
2012 0 18489
2016 0 18548
2020 0 18544
2024 0 18591
2028 0 18653
2032 0 18574
2036 0 18621
2040 0 18685
2044 0 18673
2048 0 18726
2052 0 18788
2056 0 18766
2060 0 18823
2064 0 18890
2068 0 18810
2072 0 18988
2076 0 19098
2080 0 19175
2084 0 19307
2088 0 19436
2092 0 19441
2096 0 19534
2100 0 19652
2104 0 19682
2108 0 19790
2112 0 19882
2116 0 19900
2120 0 19989
2124 0 20096
2128 0 20050
2132 0 20140
2136 0 20252
2140 0 20271
2144 0 20358
2148 0 20452
2152 0 20462
2156 0 20548
2160 0 20634
2164 0 20588
2168 0 20676
2172 0 20760
2176 0 20772
2180 0 20862
2184 0 20950
2188 0 20956
2192 0 21040
2196 0 21123
2200 0 21082
2204 0 21165
2208 0 21245
2212 0 21187
2216 0 21268
2220 0 21348
2224 0 21347
2228 0 21428
2232 0 21509
2236 0 21511
2240 0 21592
2244 0 21671
2248 0 21622
2252 0 21703
2256 0 21778
2260 0 21759
2264 0 21831
2268 0 21912
2272 0 21921
2276 0 21991
2280 0 22078
2284 0 22025
2288 0 22092
2292 0 22160
2296 0 22159
2300 0 22239
2304 0 22307
2308 0 22304
2312 0 22374
2316 0 22441
2320 0 22356
2324 0 22427
2328 0 22498
2332 0 22488
2336 0 22557
2340 0 22622
2344 0 22605
2348 0 22671
2352 0 22744
2356 0 22739
2360 0 22804
2364 0 22874
2368 0 22845
2372 0 22926
2376 0 23009
2380 0 22880
2384 0 22956
2388 0 23032
2392 0 23047
2396 0 23109
2400 0 23185
