4 106245 242
8 0 327
12 0 348
16 0 275
20 0 294
24 0 314
28 0 270
32 0 289
36 0 310
40 0 237
44 0 259
48 0 281
52 200000 107
56 47751 246
60 0 268
64 200000 78
68 200000 99
72 200000 121
76 200000 103
80 200000 124
84 200000 145
96 200000 105
100 200000 89
104 200000 110
108 200000 131
88 200000 254
92 200000 266
120 200000 108
124 200000 93
128 200000 113
132 200000 135
112 200000 181
116 200000 182
136 200000 62
140 200000 83
144 200000 104
148 200000 88
152 200000 110
156 200000 193
168 200000 105
172 200000 89
176 200000 111
160 192359 222
164 200000 225
180 200000 197
184 200000 71
188 200000 93
192 200000 155
196 200000 134
200 200000 155
204 200000 177
208 200000 101
212 200000 168
216 200000 189
220 200000 74
224 200000 97
228 200000 118
232 200000 118
236 200000 140
240 200000 160
244 200000 133
248 200000 151
252 200000 173
256 200000 80
260 200000 147
264 200000 165
268 200000 69
272 200000 91
276 200000 112
280 200000 62
284 200000 83
288 200000 104
292 200000 62
296 200000 82
300 200000 104
304 200000 62
308 175527 215
312 200000 219
316 200000 121
320 200000 161
324 200000 184
328 200000 125
332 200000 149
336 200000 187
340 200000 123
344 200000 153
348 200000 183
352 200000 119
356 200000 147
360 200000 189
364 200000 112
368 200000 157
372 200000 176
376 200000 120
380 200000 163
384 200000 183
388 200000 144
392 191860 206
396 0 287
400 200000 190
404 29808 314
408 0 411
412 0 459
416 0 567
420 0 673
424 0 635
428 0 729
432 0 830
436 0 890
440 0 979
444 0 1074
448 0 1102
452 0 1238
456 0 1310
460 0 1287
464 0 1402
468 0 1474
472 0 1442
476 0 1515
480 0 1632
484 0 1604
488 0 1665
492 0 1728
496 0 1693
500 0 1755
504 0 1861
508 0 1822
512 0 1903
516 0 1958
520 0 1919
524 0 1991
528 0 2049
532 0 2042
536 0 2099
540 0 2155
544 0 2156
548 0 2250
552 0 2349
556 0 2283
560 0 2334
564 0 2384
568 0 2379
572 0 2462
576 0 2513
580 0 2465
584 0 2520
588 0 2566
592 0 2486
596 0 2555
600 0 2602
604 0 2585
608 0 2633
612 0 2680
616 0 2627
620 0 2679
624 0 2747
628 0 2705
632 0 2804
636 0 2846
640 0 2792
644 0 2838
648 0 2885
652 0 2829
656 0 2875
660 0 2923
664 0 2834
668 0 2879
672 0 2932
676 0 2944
680 0 3020
684 0 3063
688 0 3010
692 0 3065
696 0 3122
700 0 3064
704 0 3112
708 0 3165
712 0 3135
716 0 3181
720 0 3229
724 0 3177
728 0 3220
732 0 3266
736 0 3218
740 0 3298
744 0 3434
748 0 3411
752 0 3488
756 0 3553
760 0 3527
764 0 3595
768 0 3661
772 0 3630
776 0 3720
780 0 3789
784 0 3762
788 0 3868
792 0 3933
796 0 3914
800 0 3973
804 0 4038
808 0 4030
812 0 4118
816 0 4183
820 0 4137
824 0 4245
828 0 4307
832 0 4294
836 0 4359
840 0 4426
844 0 4394
848 0 4463
852 0 4537
856 0 4503
860 0 4589
864 0 4654
868 0 4608
872 0 4667
876 0 4748
880 0 4730
884 0 4789
888 0 4848
892 0 4813
896 0 4882
900 0 4943
904 0 4902
908 0 4963
912 0 5029
916 0 4991
920 0 5056
924 0 5123
928 0 5091
932 0 5149
936 0 5203
940 0 5162
944 0 5214
948 0 5275
952 0 5231
956 0 5299
960 0 5379
964 0 5333
968 0 5397
972 0 5459
976 0 5420
980 0 5487
984 0 5552
988 0 5516
992 0 5562
996 0 5634
1000 0 5596
1004 0 5665
1008 0 5723
1012 0 5687
1016 0 5753
1020 0 5804
1024 0 5768
1028 0 5840
1032 0 5895
1036 0 5841
1040 0 5907
1044 0 5974
1048 0 5947
1052 0 6006
1056 0 6064
1060 0 6034
1064 0 6101
1068 0 6156
1072 0 6136
1076 0 6195
1080 0 6254
1084 0 6196
1088 0 6265
1092 0 6317
1096 0 6300
1100 0 6354
1104 0 6410
1108 0 6377
1112 0 6439
1116 0 6494
1120 0 6466
1124 0 6518
1128 0 6586
1132 0 6530
1136 0 6604
1140 0 6675
1144 0 6599
1148 0 6658
1152 0 6730
1156 0 6727
1160 0 6784
1164 0 6851
1168 0 6813
1172 0 6873
1176 0 6940
1180 0 6900
1184 0 6957
1188 0 7043
1192 0 7011
1196 0 7075
1200 0 7140
1204 0 7107
1208 0 7172
1212 0 7237
1216 0 7198
1220 0 7261
1224 0 7325
1228 0 7294
1232 0 7368
1236 0 7436
1240 0 7408
1244 0 7468
1248 0 7541
1252 0 7518
1256 0 7588
1260 0 7638
1264 0 7597
1268 0 7676
1272 0 7747
1276 0 7732
1280 0 7791
1284 0 7866
1288 0 7832
1292 0 7875
1296 0 7952
1300 0 7920
1304 0 8003
1308 0 8064
1312 0 8064
1316 0 8102
1320 0 8162
1324 0 8136
1328 0 8194
1332 0 8282
1336 0 8223
1340 0 8281
1344 0 8366
1348 0 8343
1352 0 8427
1356 0 8476
1360 0 8453
1364 0 8511
1368 0 8600
1372 0 8548
1376 0 8631
1380 0 8706
1384 0 8693
1388 0 8774
1392 0 8823
1396 0 8785
1400 0 8871
1404 0 8920
1408 0 8900
1412 0 8991
1416 0 9054
1420 0 9042
1424 0 9091
1428 0 9155
1432 0 9122
1436 0 9202
1440 0 9250
1444 0 9244
1448 0 9324
1452 0 9372
1456 0 9350
1460 0 9429
1464 0 9476
1468 0 9473
1472 0 9547
1476 0 9592
1480 0 9577
1484 0 9637
1488 0 9704
1492 0 9653
1496 0 9731
1500 0 9828
1504 0 9769
1508 0 9831
1512 0 9902
1516 0 9840
1520 0 9884
1524 0 9980
1528 0 9952
1532 0 9994
1536 0 10053
1540 0 10024
1544 0 10097
1548 0 10139
1552 0 10152
1556 0 10222
1560 0 10260
1564 0 10219
1568 0 10272
1572 0 10330
1576 0 10287
1580 0 10375
1584 0 10418
1588 0 10400
1592 0 10450
1596 0 10503
1600 0 10482
1604 0 10524
1608 0 10587
1612 0 10579
1616 0 10620
1620 0 10698
1624 0 10641
1628 0 10688
1632 0 10762
1636 0 10702
1640 0 10781
1644 0 10824
1648 0 10797
1652 0 10835
1656 0 10918
1660 0 10837
1664 0 10913
1668 0 10970
1672 0 10903
1676 0 10987
1680 0 11026
1684 0 11020
1688 0 11119
1692 0 11143
1696 0 11101
1700 0 11195
1704 0 11232
1708 0 11177
1712 0 11267
1716 0 11305
1720 0 11242
1724 0 11352
1728 0 11408
1732 0 11340
1736 0 11417
1740 0 11479
1744 0 11429
1748 0 11478
1752 0 11541
1756 0 11478
1760 0 11540
1764 0 11603
1768 0 11582
1772 0 11639
1776 0 11694
1780 0 11646
1784 0 11711
1788 0 11777
1792 0 11718
1796 0 11784
1800 0 11848
1804 0 11839
1808 0 11896
1812 0 11961
1816 0 11923
1820 0 11993
1824 0 12044
1828 0 11990
1832 0 12043
1836 0 12101
1840 0 12083
1844 0 12139
1848 0 12198
1852 0 12152
1856 0 12208
1860 0 12268
1864 0 12216
1868 0 12275
1872 0 12318
1876 0 12289
1880 0 12367
1884 0 12448
1888 0 12430
1892 0 12489
1896 0 12546
1900 0 12475
1904 0 12529
1908 0 12584
1912 0 12525
1916 0 12572
1920 0 12621
1924 0 12581
1928 0 12638
1932 0 12696
1936 0 12647
1940 0 12696
1944 0 12758
1948 0 12658
1952 0 12725
1956 0 12786
1960 0 12728
1964 0 12791
1968 0 12832
1972 0 12782
1976 0 12832
1980 0 12879
1984 0 12802
1988 0 12844
1992 0 12887
1996 0 12895
2000 0 12946
2004 0 12981
2008 0 12912
2012 0 12947
2016 0 13017
2020 0 12956
2024 0 12988
2028 0 13033
2032 0 13016
2036 0 13051
2040 0 13089
2044 0 13017
2048 0 13052
2052 0 13101
2056 0 13018
2060 0 13069
2064 0 13099
2068 0 13094
2072 0 13123
2076 0 13177
2080 0 13093
2084 0 13144
2088 0 13190
2092 0 13115
2096 0 13145
2100 0 13184
2104 0 13151
2108 0 13180
2112 0 13227
2116 0 13195
2120 0 13230
2124 0 13265
2128 0 13177
2132 0 13211
2136 0 13252
2140 0 13207
2144 0 13240
2148 0 13272
2152 0 13210
2156 0 13250
2160 0 13275
2164 0 13235
2168 0 13276
2172 0 13333
2176 0 13220
2180 0 13267
2184 0 13292
2188 0 13228
2192 0 13266
2196 0 13293
2200 0 13237
2204 0 13269
2208 0 13300
2212 0 13198
2216 0 13230
2220 0 13263
2224 0 13217
2228 0 13250
2232 0 13284
2236 0 13250
2240 0 13274
2244 0 13313
2248 0 13258
2252 0 13300
2256 0 13327
2260 0 13256
2264 0 13284
2268 0 13316
2272 0 13197
2276 0 13253
2280 0 13275
2284 0 13249
2288 0 13278
2292 0 13313
2296 0 13247
2300 0 13280
2304 0 13303
2308 0 13185
2312 0 13221
2316 0 13239
2320 0 13263
2324 0 13285
2328 0 13324
2332 0 13186
2336 0 13222
2340 0 13243
2344 0 13190
2348 0 13215
2352 0 13246
2356 0 13238
2360 0 13246
2364 0 13328
2368 0 13298
2372 0 13344
2376 0 13393
2380 0 13372
2384 0 13465
2388 0 13549
2392 0 13520
2396 0 13609
2400 0 13745
