4 200000 52
8 200000 73
12 200000 93
16 200000 23
20 200000 44
24 200000 66
28 200000 24
32 200000 44
36 200000 66
40 200000 24
44 200000 44
48 200000 66
52 200000 23
56 200000 44
60 200000 66
64 200000 23
68 200000 45
72 200000 65
76 200000 23
80 200000 45
84 200000 65
88 200000 23
92 200000 45
96 200000 65
100 200000 23
104 200000 45
108 200000 65
112 200000 23
116 200000 44
120 200000 66
124 200000 23
128 200000 45
132 200000 65
136 200000 24
140 200000 44
144 200000 66
148 200000 23
152 200000 44
156 200000 66
160 200000 23
164 200000 45
168 200000 66
172 200000 23
176 200000 44
180 200000 66
184 200000 24
188 200000 44
192 200000 66
196 200000 23
200 200000 45
204 200000 66
208 200000 24
212 200000 44
216 200000 66
220 200000 23
224 200000 45
228 200000 66
232 200000 24
236 200000 45
240 200000 66
244 200000 24
248 200000 45
252 200000 66
256 200000 24
260 200000 44
264 200000 66
268 200000 23
272 200000 45
276 200000 66
280 200000 24
284 200000 45
288 200000 66
300 200000 66
292 200000 69
296 200000 74
304 200000 23
308 200000 45
312 200000 66
316 200000 24
320 200000 45
324 200000 66
328 200000 24
332 200000 45
336 200000 66
340 200000 24
344 200000 45
348 200000 66
352 200000 37
356 200000 57
360 200000 78
364 200000 30
368 200000 45
372 200000 66
376 200000 24
380 200000 45
384 200000 66
388 200000 23
392 200000 45
396 200000 66
400 200000 24
404 200000 44
408 200000 66
412 200000 23
416 200000 45
420 200000 66
424 200000 23
428 200000 45
432 200000 66
436 200000 24
440 200000 45
444 200000 66
448 200000 24
452 200000 45
456 200000 66
460 200000 24
464 200000 44
468 200000 66
472 200000 23
476 200000 44
480 200000 66
484 200000 23
488 200000 44
492 200000 66
496 200000 23
500 200000 44
504 200000 66
508 200000 23
512 200000 45
516 200000 65
520 200000 23
524 200000 45
528 200000 65
532 200000 24
536 200000 45
540 200000 66
544 200000 23
548 200000 44
552 200000 66
556 200000 24
560 200000 44
564 200000 66
568 200000 23
572 200000 44
576 200000 66
580 200000 23
584 200000 49
588 200000 69
592 200000 24
596 200000 44
600 200000 66
604 200000 23
608 200000 45
612 200000 65
616 200000 23
620 200000 45
624 200000 66
628 200000 23
632 200000 44
636 200000 66
640 200000 24
644 200000 44
648 200000 66
652 200000 23
656 200000 44
660 200000 66
664 200000 24
668 200000 44
672 200000 66
676 200000 30
680 200000 47
684 200000 65
696 200000 68
688 200000 83
692 200000 98
700 200000 24
704 200000 45
708 200000 66
712 200000 23
716 200000 45
720 200000 65
724 200000 23
728 200000 45
732 200000 66
736 200000 24
740 200000 44
744 200000 66
756 200000 68
748 200000 73
752 200000 85
760 200000 24
764 200000 44
768 200000 66
772 200000 23
776 200000 45
780 200000 66
792 200000 66
784 200000 74
788 200000 81
796 200000 23
800 200000 45
804 200000 66
816 200000 66
808 200000 73
812 200000 81
820 200000 24
824 200000 45
828 200000 70
832 200000 29
836 200000 50
840 200000 72
844 200000 24
848 200000 45
852 200000 71
856 200000 24
860 200000 45
864 200000 67
868 200000 24
872 200000 45
876 200000 68
880 200000 24
884 200000 45
888 200000 70
892 200000 24
896 200000 46
900 200000 67
904 200000 23
908 200000 45
912 200000 67
916 200000 24
920 200000 46
924 200000 66
928 200000 24
932 200000 45
936 200000 69
940 200000 27
944 200000 47
948 200000 70
952 200000 24
956 200000 46
960 200000 70
964 200000 23
968 200000 45
972 200000 71
976 200000 24
980 200000 46
984 200000 67
988 200000 24
992 200000 45
996 200000 67
1000 200000 24
1004 200000 45
1008 200000 69
1012 200000 23
1016 200000 45
1020 200000 68
1024 200000 24
1028 200000 45
1032 200000 67
1036 200000 24
1040 200000 46
1044 200000 66
1048 200000 24
1052 200000 45
1056 200000 66
1060 200000 24
1064 200000 45
1068 200000 66
1072 200000 24
1076 200000 46
1080 200000 66
1084 200000 24
1088 200000 46
1092 200000 67
1096 200000 24
1100 200000 45
1104 200000 66
1108 200000 24
1112 200000 45
1116 200000 66
1120 200000 25
1124 200000 45
1128 200000 67
1132 200000 24
1136 200000 45
1140 200000 66
1144 200000 23
1148 200000 45
1152 200000 68
1156 200000 24
1160 200000 45
1164 200000 66
1168 200000 65
1172 200000 75
1176 200000 84
1180 200000 24
1184 200000 45
1188 200000 66
1192 200000 39
1196 200000 68
1200 200000 88
1204 200000 24
1208 200000 45
1212 200000 66
1216 200000 23
1220 200000 45
1224 200000 67
1228 200000 24
1232 200000 45
1236 200000 66
1240 200000 23
1244 200000 45
1248 200000 66
1252 200000 23
1256 200000 45
1260 200000 66
1264 200000 23
1268 200000 45
1272 200000 66
1276 200000 35
1280 200000 58
1284 200000 78
1288 200000 41
1292 200000 62
1296 200000 82
1300 200000 24
1304 200000 44
1308 200000 66
1312 200000 23
1316 200000 45
1320 200000 66
1324 200000 24
1328 200000 44
1332 200000 71
1336 200000 23
1340 200000 45
1344 200000 66
1348 200000 23
1352 200000 45
1356 200000 66
1360 200000 24
1364 200000 45
1368 200000 66
1372 200000 52
1376 200000 68
1380 200000 88
1384 200000 46
1388 200000 66
1392 200000 87
1396 200000 32
1400 200000 53
1404 200000 74
1408 200000 34
1412 200000 55
1416 200000 76
1420 200000 23
1424 200000 45
1428 200000 65
1432 200000 24
1436 200000 44
1440 200000 66
1444 200000 23
1448 200000 45
1452 200000 65
1456 200000 23
1460 200000 45
1464 200000 66
1468 200000 42
1472 200000 63
1476 200000 85
1480 200000 23
1484 200000 44
1488 200000 66
1492 200000 23
1496 200000 45
1500 200000 66
1504 200000 23
1508 200000 44
1512 200000 66
1516 200000 24
1520 200000 46
1524 200000 67
1528 200000 24
1532 200000 45
1536 200000 66
1540 200000 24
1544 200000 44
1548 200000 66
1552 200000 24
1556 200000 47
1560 200000 68
1564 200000 27
1568 200000 48
1572 200000 69
1576 200000 47
1580 200000 67
1584 200000 87
1588 200000 25
1592 200000 46
1596 200000 67
1600 200000 23
1604 200000 45
1608 200000 66
1612 200000 25
1616 200000 45
1620 200000 67
1624 200000 23
1628 200000 45
1632 200000 66
1636 200000 23
1640 200000 45
1644 200000 66
1648 200000 23
1652 200000 45
1656 200000 66
1660 200000 24
1664 200000 45
1668 200000 66
1672 200000 24
1676 200000 45
1680 200000 66
1684 200000 24
1688 200000 45
1692 200000 66
1696 200000 24
1700 200000 45
1704 200000 66
1708 200000 23
1712 200000 45
1716 200000 69
1720 200000 28
1724 200000 51
1728 200000 72
1732 200000 26
1736 200000 48
1740 200000 70
1744 200000 52
1748 200000 65
1752 200000 87
1756 200000 24
1760 200000 45
1764 200000 67
1768 200000 24
1772 200000 45
1776 200000 67
1780 200000 47
1784 200000 82
1788 200000 110
1792 200000 30
1796 200000 52
1800 200000 73
1804 200000 24
1808 200000 45
1812 200000 67
1816 200000 50
1820 200000 75
1824 200000 96
1828 200000 28
1832 200000 49
1836 200000 70
1840 200000 24
1844 200000 44
1848 200000 66
1852 200000 23
1856 200000 45
1860 200000 67
1864 200000 61
1868 200000 68
1872 200000 91
1876 200000 28
1880 200000 49
1884 200000 71
1888 200000 27
1892 200000 48
1896 200000 68
1900 200000 36
1904 200000 57
1908 200000 79
1912 200000 23
1916 200000 45
1920 200000 68
1924 200000 24
1928 200000 45
1932 200000 66
1936 200000 23
1940 200000 45
1944 200000 66
1948 200000 29
1952 200000 51
1956 200000 72
1960 200000 23
1964 200000 45
1968 200000 66
1972 200000 23
1976 200000 44
1980 200000 66
1984 200000 23
1988 200000 45
1992 200000 65
1996 200000 24
2000 200000 46
2004 200000 67
2008 200000 50
2012 200000 70
2016 200000 90
2020 200000 23
2024 200000 45
2028 200000 65
2032 200000 23
2036 200000 45
2040 200000 65
2044 200000 23
2048 200000 45
2052 200000 66
2056 200000 23
2060 200000 45
2064 200000 66
2068 200000 61
2072 200000 68
2076 200000 89
2080 200000 24
2084 200000 46
2088 200000 68
2092 200000 23
2096 200000 45
2100 200000 66
2104 200000 22
2108 200000 44
2112 200000 66
2116 200000 23
2120 200000 44
2124 200000 65
2128 200000 22
2132 200000 44
2136 200000 66
2140 200000 23
2144 200000 44
2148 200000 65
2152 200000 26
2156 200000 49
2160 200000 70
2164 200000 23
2168 200000 44
2172 200000 66
2176 200000 23
2180 200000 44
2184 200000 66
2188 200000 23
2192 200000 44
2196 200000 66
2200 200000 47
2204 200000 67
2208 200000 88
2212 200000 23
2216 200000 44
2220 200000 65
2224 200000 22
2228 200000 46
2232 200000 67
2236 200000 47
2240 200000 69
2244 200000 90
2248 200000 23
2252 200000 44
2256 200000 65
2260 200000 22
2264 200000 44
2268 200000 66
2272 200000 27
2276 200000 50
2280 200000 72
2284 200000 23
2288 200000 43
2292 200000 65
2296 200000 22
2300 200000 44
2304 200000 66
2308 200000 24
2312 200000 45
2316 200000 66
2320 200000 48
2324 200000 73
2328 200000 97
2332 200000 22
2336 200000 44
2340 200000 65
2344 200000 23
2348 200000 43
2352 200000 65
2356 200000 23
2360 200000 44
2364 200000 66
2368 200000 22
2372 200000 43
2376 200000 65
2380 200000 29
2384 200000 50
2388 200000 71
2392 200000 23
2396 200000 44
2400 200000 65
