4 15136 516
8 0 689
12 0 830
16 0 754
20 0 821
24 0 862
28 0 807
32 0 827
36 0 848
40 0 772
44 0 819
48 0 838
52 0 764
56 0 954
60 0 975
64 0 900
68 0 919
72 0 939
76 0 845
80 0 1227
84 0 1241
88 0 1176
92 0 1183
96 0 1189
100 0 1102
104 0 1110
112 0 982
116 0 1004
108 0 1186
120 0 1332
124 0 1250
128 0 1261
132 0 1265
136 0 899
140 0 921
144 0 942
156 0 720
160 0 739
148 0 926
152 0 936
164 0 936
168 0 956
172 0 745
176 0 768
180 0 789
184 0 909
188 0 941
192 0 1097
196 0 860
200 0 1033
204 0 1049
208 0 1070
212 0 1253
216 0 1450
220 0 1353
224 0 1506
228 0 1676
232 0 1800
236 0 1983
240 0 2187
244 0 2310
248 0 2487
252 0 2693
256 0 2740
260 0 2904
264 0 3115
268 0 3248
272 0 3425
276 0 3561
280 0 3689
284 0 3859
288 0 4010
292 0 3981
296 0 4156
300 0 4340
304 0 4480
308 0 4637
312 0 4788
316 0 4734
320 0 4895
324 0 5041
328 0 5204
332 0 5335
336 0 5489
340 0 5436
344 0 5571
348 0 5746
352 0 5901
356 0 6031
360 0 6158
364 0 6247
368 0 6377
372 0 6507
376 0 6555
380 0 6706
384 0 6843
388 0 6874
392 0 7006
396 0 7139
400 0 7177
404 0 7299
408 0 7426
412 0 7448
416 0 7585
420 0 7721
424 0 7759
428 0 7891
432 0 8029
436 0 8066
440 0 8188
444 0 8306
448 0 8326
452 0 8444
456 0 8558
460 0 8582
464 0 8707
468 0 8819
472 0 8827
476 0 8946
480 0 9061
484 0 9083
488 0 9193
492 0 9310
496 0 9333
500 0 9449
504 0 9544
508 0 9549
512 0 9666
516 0 9778
520 0 9797
524 0 9914
528 0 10015
532 0 10012
536 0 10127
540 0 10235
544 0 10240
548 0 10339
552 0 10440
556 0 10453
560 0 10559
564 0 10671
568 0 10680
572 0 10769
576 0 10877
580 0 10875
584 0 10974
588 0 11072
592 0 11063
596 0 11163
600 0 11258
604 0 11281
608 0 11384
612 0 11486
616 0 11478
620 0 11580
624 0 11681
628 0 11680
632 0 11781
636 0 11885
640 0 11897
644 0 12012
648 0 12099
652 0 12097
656 0 12198
660 0 12298
664 0 12295
668 0 12391
672 0 12493
676 0 12490
680 0 12587
684 0 12688
688 0 12687
692 0 12786
696 0 12891
700 0 12885
704 0 12973
708 0 13079
712 0 13085
716 0 13189
720 0 13292
724 0 13280
728 0 13385
732 0 13475
736 0 13485
740 0 13581
744 0 13686
748 0 13691
752 0 13799
756 0 13894
760 0 13903
764 0 14009
768 0 14103
772 0 14106
776 0 14212
780 0 14308
784 0 14321
788 0 14407
792 0 14503
796 0 14510
800 0 14605
804 0 14701
808 0 14704
812 0 14815
816 0 14906
820 0 14915
824 0 15001
828 0 15105
832 0 15099
836 0 15199
840 0 15312
844 0 15310
848 0 15392
852 0 15506
856 0 15504
860 0 15598
864 0 15705
868 0 15698
872 0 15794
876 0 15893
880 0 15899
884 0 15988
888 0 16088
892 0 16086
896 0 16180
900 0 16279
904 0 16279
908 0 16367
912 0 16468
916 0 16457
920 0 16551
924 0 16649
928 0 16652
932 0 16751
936 0 16852
940 0 16849
944 0 16932
948 0 17033
952 0 17028
956 0 17130
960 0 17237
964 0 17237
968 0 17320
972 0 17404
976 0 17392
980 0 17479
984 0 17570
988 0 17589
992 0 17683
996 0 17793
1000 0 17791
1004 0 17880
1008 0 17954
1012 0 17959
1016 0 18054
1020 0 18157
1024 0 18138
1028 0 18240
1032 0 18338
1036 0 18313
1040 0 18427
1044 0 18496
1048 0 18490
1052 0 18580
1056 0 18682
1060 0 18656
1064 0 18743
1068 0 18836
1072 0 18825
1076 0 18930
1080 0 19013
1084 0 19012
1088 0 19115
1092 0 19193
1096 0 19180
1100 0 19261
1104 0 19347
1108 0 19363
1112 0 19441
1116 0 19545
1120 0 19523
1124 0 19596
1128 0 19708
1132 0 19686
1136 0 19772
1140 0 19879
1144 0 19848
1148 0 19940
1152 0 20034
1156 0 20019
1160 0 20119
1164 0 20196
1168 0 20201
1172 0 20299
1176 0 20380
1180 0 20393
1184 0 20489
1188 0 20552
1192 0 20534
1196 0 20618
1200 0 20723
1204 0 20671
1208 0 20776
1212 0 20851
1216 0 20843
1220 0 20951
1224 0 21002
1228 0 21012
1232 0 21084
1236 0 21174
1240 0 21146
1244 0 21227
1248 0 21325
1252 0 21303
1256 0 21395
1260 0 21470
1264 0 21477
1268 0 21548
1272 0 21632
1276 0 21621
1280 0 21698
1284 0 21794
1288 0 21772
1292 0 21857
1296 0 21935
1300 0 21918
1304 0 21992
1308 0 22087
1312 0 22040
1316 0 22134
1320 0 22201
1324 0 22195
1328 0 22270
1332 0 22352
1336 0 22295
1340 0 22369
1344 0 22449
1348 0 22465
1352 0 22541
1356 0 22630
1360 0 22596
1364 0 22685
1368 0 22757
1372 0 22731
1376 0 22800
1380 0 22878
1384 0 22869
1388 0 22963
1392 0 23027
1396 0 23030
1400 0 23117
1404 0 23198
1408 0 23183
1412 0 23246
1416 0 23336
1420 0 23320
1424 0 23377
1428 0 23466
1432 0 23438
1436 0 23527
1440 0 23591
1444 0 23576
1448 0 23648
1452 0 23740
1456 0 23714
1460 0 23785
1464 0 23876
1468 0 23847
1472 0 23931
1476 0 24028
1480 0 23977
1484 0 24041
1488 0 24174
1492 0 24125
1496 0 24202
1500 0 24276
1504 0 24274
1508 0 24339
1512 0 24405
1516 0 24414
1520 0 24460
1524 0 24533
1528 0 24533
1532 0 24596
1536 0 24690
1540 0 24676
1544 0 24737
1548 0 24836
1552 0 24777
1556 0 24839
1560 0 24977
1564 0 24921
1568 0 24997
1572 0 25071
1576 0 25063
1580 0 25144
1584 0 25223
1588 0 25201
1592 0 25278
1596 0 25336
1600 0 25336
1604 0 25425
1608 0 25491
1612 0 25428
1616 0 25515
1620 0 25566
1624 0 25584
1628 0 25651
1632 0 25750
1636 0 25690
1640 0 25806
1644 0 25866
1648 0 25822
1652 0 25924
1656 0 25985
1660 0 25944
1664 0 26010
1668 0 26080
1672 0 26054
1676 0 26141
1680 0 26188
1684 0 26163
1688 0 26267
1692 0 26329
1696 0 26278
1700 0 26365
1704 0 26432
1708 0 26407
1712 0 26472
1716 0 26544
1720 0 26549
1724 0 26604
1728 0 26721
1732 0 26655
1736 0 26699
1740 0 26883
1744 0 26814
1748 0 27023
1752 0 27044
1756 0 27125
1760 0 27154
1764 0 27336
1768 0 27273
1772 0 27301
1776 0 27464
1780 0 27402
1784 0 27583
1788 0 27761
1792 0 27667
1796 0 27840
1800 0 28007
1804 0 28175
1808 0 28382
1812 0 28573
1816 0 28693
1820 0 28864
1824 0 29084
1828 0 29145
1832 0 29358
1836 0 29533
1840 0 29628
1844 0 29797
1848 0 29972
1852 0 30052
1856 0 30231
1860 0 30392
1864 0 30470
1868 0 30628
1872 0 30780
1876 0 30869
1880 0 31023
1884 0 31167
1888 0 31212
1892 0 31410
1896 0 31556
1900 0 31644
1904 0 31800
1908 0 31978
1912 0 32014
1916 0 32152
1920 0 32283
1924 0 32367
1928 0 32515
1932 0 32695
1936 0 32731
1940 0 32908
1944 0 33043
1948 0 33094
1952 0 33230
1956 0 33389
1960 0 33423
1964 0 33554
1968 0 33691
1972 0 33741
1976 0 33867
1980 0 33993
1984 0 34020
1988 0 34155
1992 0 34319
1996 0 34363
2000 0 34485
2004 0 34608
2008 0 34626
2012 0 34725
2016 0 34853
2020 0 34884
2024 0 35009
2028 0 35173
2032 0 35188
2036 0 35310
2040 0 35429
2044 0 35451
2048 0 35560
2052 0 35673
2056 0 35702
2060 0 35841
2064 0 35972
2068 0 35990
2072 0 36109
2076 0 36235
2080 0 36254
2084 0 36344
2088 0 36468
2092 0 36488
2096 0 36642
2100 0 36761
2104 0 36768
2108 0 36858
2112 0 36982
2116 0 37008
2120 0 37129
2124 0 37232
2128 0 37222
2132 0 37316
2136 0 37454
2140 0 37462
2144 0 37569
2148 0 37686
2152 0 37674
2156 0 37818
2160 0 37881
2164 0 37937
2168 0 38078
2172 0 38131
2176 0 38144
2180 0 38262
2184 0 38371
2188 0 38367
2192 0 38450
2196 0 38604
2200 0 38594
2204 0 38648
2208 0 38769
2212 0 38802
2216 0 38893
2220 0 38965
2224 0 39018
2228 0 39108
2232 0 39184
2236 0 39207
2240 0 39301
2244 0 39388
2248 0 39383
2252 0 39512
2256 0 39561
2260 0 39599
2264 0 39747
2272 0 39835
2268 0 40078
2276 0 40132
2280 0 40289
2284 0 40446
2288 0 40609
2292 0 40835
2296 0 40887
2300 0 41053
2304 0 41241
2308 0 41297
2312 0 41514
2316 0 41679
2320 0 41744
2324 0 41940
2328 0 42093
2332 0 42237
2336 0 42398
2340 0 42559
2344 0 42593
2348 0 42750
2352 0 42902
2356 0 43118
2360 0 43291
2364 0 43466
2368 0 43533
2372 0 43702
2376 0 43880
2380 0 44091
2384 0 44381
2388 0 44671
2392 0 44854
2396 0 45145
2400 0 45436
