4 14989 660
8 0 889
12 0 1100
16 0 1026
20 0 1075
24 0 1191
28 0 1116
32 0 1136
36 0 1158
40 0 1082
44 0 1129
48 0 1159
60 0 1218
64 0 1143
68 0 1162
72 0 1183
52 0 1716
56 0 1722
76 0 1530
80 0 1551
84 0 1572
88 0 1479
92 0 1484
96 0 1488
104 0 1432
100 0 1721
120 0 1660
124 0 1541
128 0 1563
132 0 1583
108 0 2036
112 0 1947
116 0 1956
136 0 1767
140 0 1788
144 0 2001
148 0 1892
152 0 1912
156 0 1934
160 0 2077
164 0 2096
168 0 2118
172 0 2027
184 0 2011
176 0 2299
180 0 2303
188 0 2236
192 0 2450
196 0 2019
200 0 2232
204 0 2248
208 0 2475
212 0 2701
216 0 2858
220 0 2666
224 0 2880
228 0 3049
232 0 3221
236 0 3412
240 0 3583
244 0 3655
248 0 3826
252 0 3993
256 0 3978
260 0 4145
264 0 4324
268 0 4488
272 0 4658
276 0 4822
280 0 4772
284 0 4942
288 0 5097
292 0 5261
296 0 5424
300 0 5585
304 0 5662
308 0 5854
312 0 5977
316 0 5939
320 0 6103
324 0 6310
328 0 6472
332 0 6684
336 0 6778
340 0 6703
344 0 6883
348 0 7052
352 0 7229
356 0 7412
360 0 7533
364 0 7569
368 0 7713
372 0 7870
376 0 7883
380 0 8017
384 0 8171
388 0 8272
392 0 8380
396 0 8531
400 0 8508
404 0 8640
408 0 8795
412 0 8901
416 0 9009
420 0 9197
424 0 9246
428 0 9332
432 0 9502
436 0 9557
440 0 9685
444 0 9806
448 0 9833
452 0 9977
456 0 10120
460 0 10124
464 0 10227
468 0 10365
472 0 10434
476 0 10558
480 0 10671
484 0 10704
488 0 10831
492 0 10953
496 0 10983
500 0 11097
504 0 11222
508 0 11233
512 0 11357
516 0 11472
520 0 11512
524 0 11632
528 0 11758
532 0 11789
536 0 11892
540 0 12020
544 0 12046
548 0 12157
552 0 12274
556 0 12257
560 0 12373
564 0 12490
568 0 12553
572 0 12663
576 0 12784
580 0 12796
584 0 12908
588 0 13025
592 0 13043
596 0 13158
600 0 13267
604 0 13290
608 0 13406
612 0 13517
616 0 13533
620 0 13645
624 0 13758
628 0 13776
632 0 13884
636 0 13997
640 0 14014
644 0 14126
648 0 14238
652 0 14255
656 0 14365
660 0 14475
664 0 14490
668 0 14602
672 0 14716
676 0 14717
680 0 14831
684 0 14943
688 0 14970
692 0 15082
696 0 15193
700 0 15198
704 0 15305
708 0 15417
712 0 15438
716 0 15546
720 0 15659
724 0 15664
728 0 15778
732 0 15886
736 0 15894
740 0 15996
744 0 16110
748 0 16110
752 0 16221
756 0 16336
760 0 16342
764 0 16449
768 0 16556
772 0 16546
776 0 16652
780 0 16754
784 0 16778
788 0 16879
792 0 16979
796 0 16984
800 0 17077
804 0 17199
808 0 17226
812 0 17344
816 0 17445
820 0 17426
824 0 17540
828 0 17635
832 0 17664
836 0 17770
840 0 17877
844 0 17848
848 0 17953
852 0 18055
856 0 18095
860 0 18198
864 0 18304
868 0 18308
872 0 18414
876 0 18513
880 0 18524
884 0 18623
888 0 18731
892 0 18729
896 0 18830
900 0 18942
904 0 18950
908 0 19051
912 0 19153
916 0 19149
920 0 19256
924 0 19362
928 0 19368
932 0 19467
936 0 19569
940 0 19575
944 0 19671
948 0 19777
952 0 19772
956 0 19877
960 0 19966
964 0 19971
968 0 20072
972 0 20167
976 0 20173
980 0 20263
984 0 20371
988 0 20388
992 0 20475
996 0 20575
1000 0 20592
1004 0 20696
1008 0 20784
1012 0 20795
1016 0 20877
1020 0 20986
1024 0 20991
1028 0 21090
1032 0 21201
1036 0 21187
1040 0 21281
1044 0 21379
1048 0 21389
1052 0 21485
1056 0 21594
1060 0 21588
1064 0 21688
1068 0 21778
1072 0 21774
1076 0 21883
1080 0 21984
1084 0 21960
1088 0 22055
1092 0 22148
1096 0 22151
1100 0 22256
1104 0 22344
1108 0 22351
1112 0 22459
1116 0 22542
1120 0 22525
1124 0 22614
1128 0 22736
1132 0 22742
1136 0 22829
1140 0 22920
1144 0 22907
1148 0 23011
1152 0 23108
1156 0 23106
1160 0 23206
1164 0 23277
1168 0 23299
1172 0 23381
1176 0 23488
1180 0 23480
1184 0 23567
1188 0 23650
1192 0 23698
1196 0 23774
1200 0 23880
1204 0 23872
1208 0 23964
1212 0 24061
1216 0 24055
1220 0 24154
1224 0 24243
1228 0 24247
1232 0 24334
1236 0 24428
1240 0 24427
1244 0 24525
1248 0 24611
1252 0 24600
1256 0 24686
1260 0 24770
1264 0 24783
1268 0 24851
1272 0 24935
1276 0 24945
1280 0 25019
1284 0 25129
1288 0 25118
1292 0 25210
1296 0 25297
1300 0 25295
1304 0 25375
1308 0 25449
1312 0 25456
1316 0 25536
1320 0 25626
1324 0 25622
1328 0 25712
1332 0 25811
1336 0 25779
1340 0 25867
1344 0 25973
1348 0 25955
1352 0 26037
1356 0 26124
1360 0 26119
1364 0 26229
1368 0 26305
1372 0 26292
1376 0 26396
1380 0 26489
1384 0 26490
1388 0 26576
1392 0 26681
1396 0 26650
1400 0 26723
1404 0 26829
1408 0 26814
1412 0 26913
1416 0 26991
1420 0 26978
1424 0 27074
1428 0 27158
1432 0 27144
1436 0 27218
1440 0 27322
1444 0 27299
1448 0 27377
1452 0 27470
1456 0 27438
1460 0 27548
1464 0 27623
1468 0 27601
1472 0 27694
1476 0 27782
1480 0 27759
1484 0 27875
1488 0 27954
1492 0 27933
1496 0 28025
1500 0 28105
1504 0 28066
1508 0 28150
1512 0 28227
1516 0 28237
1520 0 28317
1524 0 28406
1528 0 28383
1532 0 28469
1536 0 28538
1540 0 28530
1544 0 28621
1548 0 28695
1552 0 28684
1556 0 28758
1560 0 28827
1564 0 28837
1568 0 28907
1572 0 29000
1576 0 28977
1580 0 29077
1584 0 29149
1588 0 29111
1592 0 29210
1596 0 29288
1600 0 29295
1604 0 29392
1608 0 29461
1612 0 29454
1616 0 29526
1620 0 29613
1624 0 29588
1628 0 29671
1632 0 29758
1636 0 29714
1640 0 29796
1644 0 29896
1648 0 29876
1652 0 29945
1656 0 30037
1660 0 30012
1664 0 30091
1668 0 30173
1672 0 30168
1676 0 30229
1680 0 30302
1684 0 30288
1688 0 30383
1692 0 30486
1696 0 30453
1700 0 30591
1704 0 30687
1708 0 30615
1712 0 30701
1716 0 30874
1720 0 30822
1724 0 31007
1728 0 31042
1732 0 31054
1736 0 31141
1740 0 31179
1744 0 31197
1748 0 31285
1752 0 31349
1756 0 31412
1760 0 31437
1764 0 31670
1768 0 31607
1772 0 31641
1776 0 31874
1780 0 31993
1784 0 32016
1788 0 32230
1792 0 32181
1796 0 32360
1800 0 32538
1804 0 32616
1808 0 32742
1812 0 32869
1816 0 32944
1820 0 33146
1824 0 33215
1828 0 33271
1832 0 33455
1836 0 33647
1840 0 33661
1844 0 33808
1848 0 33992
1852 0 34091
1856 0 34142
1860 0 34318
1864 0 34406
1868 0 34536
1872 0 34618
1876 0 34669
1880 0 34817
1884 0 34952
1888 0 34929
1892 0 35090
1896 0 35259
1900 0 35244
1904 0 35406
1908 0 35560
1912 0 35563
1916 0 35700
1920 0 35883
1924 0 35849
1928 0 36037
1932 0 36204
1936 0 36142
1940 0 36325
1944 0 36539
1948 0 36500
1952 0 36685
1956 0 36863
1960 0 36866
1964 0 37009
1968 0 37184
1972 0 37183
1976 0 37321
1980 0 37478
1984 0 37446
1988 0 37612
1992 0 37765
1996 0 37719
2000 0 37904
2004 0 38050
2008 0 38005
2012 0 38175
2016 0 38294
2020 0 38300
2024 0 38465
2028 0 38564
2032 0 38611
2036 0 38801
2040 0 39018
2044 0 39117
2048 0 39335
2052 0 39550
2056 0 39704
2060 0 39927
2064 0 40151
2068 0 40254
2072 0 40472
2076 0 40675
2080 0 40829
2084 0 41108
2088 0 41315
2092 0 41425
2096 0 41614
2100 0 41820
2104 0 41910
2108 0 42105
2112 0 42285
2116 0 42379
2120 0 42589
2124 0 42772
2128 0 42868
2132 0 43037
2136 0 43228
2140 0 43312
2144 0 43521
2148 0 43703
2152 0 43807
2156 0 44024
2160 0 44201
2164 0 44282
2168 0 44487
2172 0 44664
2176 0 44746
2180 0 44930
2184 0 45120
2188 0 45191
2192 0 45350
2196 0 45524
2200 0 45569
2204 0 45677
2208 0 45864
2212 0 45960
2216 0 46157
2220 0 46338
2224 0 46391
2228 0 46547
2232 0 46694
2236 0 46753
2240 0 46928
2244 0 47107
2248 0 47154
2252 0 47302
2256 0 47447
2260 0 47501
2264 0 47710
2268 0 47896
2272 0 47958
2276 0 48389
2280 0 48390
2284 0 48526
2288 0 48852
2292 0 49163
2296 0 49305
2300 0 49600
2304 0 49846
2308 0 50025
2312 0 50259
2316 0 50539
2320 0 50668
2324 0 50965
2328 0 51173
2332 0 51318
2336 0 51572
2340 0 51830
2344 0 51962
2348 0 52156
2352 0 52522
2356 0 52647
2360 0 52866
2364 0 53244
2368 0 53368
2372 0 53590
2376 0 53807
2380 0 54083
2384 0 54329
2388 0 54708
2392 0 55014
2396 0 55572
2400 0 55966
