4 200000 67
8 200000 100
12 200000 139
16 200000 82
20 200000 117
24 200000 154
28 200000 93
32 200000 128
36 200000 166
40 200000 104
44 200000 143
48 200000 182
52 200000 123
56 200000 160
60 194575 200
64 200000 145
68 200000 186
72 61078 228
76 200000 167
80 163290 206
84 0 252
88 200000 195
92 29871 232
96 0 274
100 90030 236
104 0 282
108 0 321
112 0 267
116 0 305
120 0 347
124 0 286
128 0 321
132 0 360
136 0 307
140 0 343
144 0 381
148 0 318
152 0 354
156 0 393
160 0 332
164 0 369
168 0 413
172 0 349
176 0 392
180 0 441
184 0 390
188 0 426
192 0 465
196 0 401
200 0 437
204 0 482
208 0 418
212 0 455
216 0 492
220 0 431
224 0 473
228 0 513
232 0 450
236 0 493
240 0 528
244 0 468
248 0 503
252 0 547
256 0 484
260 0 530
264 0 574
268 0 510
272 0 548
276 0 592
280 0 538
284 0 574
288 0 611
292 0 547
296 0 584
300 0 621
304 0 560
308 0 596
312 0 636
316 0 575
320 0 614
324 0 653
328 0 593
332 0 630
336 0 669
340 0 607
344 0 646
348 0 693
352 0 638
356 0 683
360 0 727
364 0 667
368 0 708
372 0 750
376 0 694
380 0 733
384 0 771
388 0 711
392 0 747
396 0 783
400 0 726
404 0 768
408 0 809
412 0 748
416 0 787
420 0 829
424 0 767
428 0 802
432 0 842
436 0 787
440 0 891
444 0 965
448 0 912
452 0 952
456 0 999
460 0 937
464 0 975
468 0 1019
472 0 956
476 0 996
480 0 1033
484 0 971
488 0 1012
492 0 1048
496 0 991
500 0 1026
504 0 1065
508 0 1004
512 0 1043
516 0 1079
520 0 1018
524 0 1056
528 0 1095
532 0 1032
536 0 1069
540 0 1108
544 0 1047
548 0 1082
552 0 1118
556 0 1056
560 0 1091
564 0 1129
568 0 1066
572 0 1104
576 0 1141
580 0 1081
584 0 1119
588 0 1156
592 0 1094
596 0 1132
600 0 1170
604 0 1113
608 0 1149
612 0 1186
616 0 1126
620 0 1162
624 0 1198
628 0 1140
632 0 1180
636 0 1216
640 0 1152
644 0 1192
648 0 1229
652 0 1174
656 0 1207
660 0 1247
664 0 1187
668 0 1223
672 0 1262
676 0 1199
680 0 1236
684 0 1280
688 0 1215
692 0 1253
696 0 1289
700 0 1227
704 0 1265
708 0 1301
712 0 1237
716 0 1273
720 0 1311
724 0 1247
728 0 1286
732 0 1323
736 0 1261
740 0 1297
744 0 1333
748 0 1271
752 0 1309
756 0 1347
760 0 1285
764 0 1322
768 0 1359
772 0 1297
776 0 1333
780 0 1370
784 0 1308
788 0 1345
792 0 1379
796 0 1318
800 0 1353
804 0 1390
808 0 1329
812 0 1373
816 0 1411
820 0 1351
824 0 1387
828 0 1425
832 0 1363
836 0 1401
840 0 1442
844 0 1389
848 0 1431
852 0 1467
856 0 1409
860 0 1448
864 0 1486
868 0 1425
872 0 1463
876 0 1501
880 0 1441
884 0 1480
888 0 1520
892 0 1462
896 0 1499
900 0 1539
904 0 1477
908 0 1515
912 0 1550
916 0 1489
920 0 1528
924 0 1567
928 0 1508
932 0 1549
936 0 1589
940 0 1528
944 0 1568
948 0 1610
952 0 1549
956 0 1589
960 0 1639
964 0 1580
968 0 1619
972 0 1657
976 0 1596
980 0 1633
984 0 1671
988 0 1608
992 0 1645
996 0 1684
1000 0 1621
1004 0 1659
1008 0 1696
1012 0 1632
1016 0 1670
1020 0 1709
1024 0 1647
1028 0 1683
1032 0 1721
1036 0 1661
1040 0 1695
1044 0 1734
1048 0 1671
1052 0 1707
1056 0 1747
1060 0 1683
1064 0 1720
1068 0 1759
1072 0 1690
1076 0 1726
1080 0 1762
1084 0 1702
1088 0 1742
1092 0 1780
1096 0 1720
1100 0 1757
1104 0 1795
1108 0 1733
1112 0 1769
1116 0 1807
1120 0 1745
1124 0 1781
1128 0 1818
1132 0 1757
1136 0 1795
1140 0 1832
1144 0 1770
1148 0 1808
1152 0 1847
1156 0 1784
1160 0 1819
1164 0 1856
1168 0 1792
1172 0 1828
1176 0 1864
1180 0 1803
1184 0 1840
1188 0 1879
1192 0 1815
1196 0 1850
1200 0 1886
1204 0 1826
1208 0 1861
1212 0 1900
1216 0 1834
1220 0 1870
1224 0 1906
1228 0 1844
1232 0 1880
1236 0 1915
1240 0 1854
1244 0 1891
1248 0 1927
1252 0 1865
1256 0 1907
1260 0 1938
1264 0 1875
1268 0 1910
1272 0 1949
1276 0 1883
1280 0 1919
1284 0 1955
1288 0 1892
1292 0 1928
1296 0 1966
1300 0 1901
1304 0 1937
1308 0 1976
1312 0 1911
1316 0 1946
1320 0 1984
1324 0 1920
1328 0 1957
1332 0 2001
1336 0 1938
1340 0 1981
1344 0 2021
1348 0 1957
1352 0 1996
1356 0 2033
1360 0 1969
1364 0 2006
1368 0 2041
1372 0 1978
1376 0 2017
1380 0 2052
1384 0 1994
1388 0 2028
1392 0 2063
1396 0 2004
1400 0 2040
1404 0 2076
1408 0 2014
1412 0 2050
1416 0 2087
1420 0 2021
1424 0 2058
1428 0 2095
1432 0 2034
1436 0 2070
1440 0 2107
1444 0 2044
1448 0 2080
1452 0 2115
1456 0 2051
1460 0 2088
1464 0 2146
1468 0 2082
1472 0 2119
1476 0 2155
1480 0 2088
1484 0 2127
1488 0 2160
1492 0 2101
1496 0 2139
1500 0 2175
1504 0 2112
1508 0 2148
1512 0 2183
1516 0 2120
1520 0 2155
1524 0 2191
1528 0 2129
1532 0 2166
1536 0 2202
1540 0 2141
1544 0 2176
1548 0 2212
1552 0 2149
1556 0 2186
1560 0 2222
1564 0 2158
1568 0 2201
1572 0 2237
1576 0 2173
1580 0 2210
1584 0 2247
1588 0 2187
1592 0 2225
1596 0 2261
1600 0 2198
1604 0 2234
1608 0 2271
1612 0 2207
1616 0 2243
1620 0 2279
1624 0 2217
1628 0 2253
1632 0 2290
1636 0 2227
1640 0 2262
1644 0 2299
1648 0 2241
1652 0 2271
1656 0 2308
1660 0 2244
1664 0 2280
1668 0 2317
1672 0 2251
1676 0 2288
1680 0 2325
1684 0 2263
1688 0 2306
1692 0 2336
1696 0 2272
1700 0 2309
1704 0 2345
1708 0 2282
1712 0 2317
1716 0 2357
1720 0 2292
1724 0 2328
1728 0 2364
1732 0 2310
1736 0 2340
1740 0 2377
1744 0 2312
1748 0 2349
1752 0 2385
1756 0 2324
1760 0 2361
1764 0 2398
1768 0 2332
1772 0 2370
1776 0 2407
1780 0 2341
1784 0 2383
1788 0 2414
1792 0 2354
1796 0 2390
1800 0 2426
1804 0 2364
1808 0 2400
1812 0 2436
1816 0 2373
1820 0 2409
1824 0 2445
1828 0 2382
1832 0 2419
1836 0 2456
1840 0 2391
1844 0 2437
1848 0 2474
1852 0 2410
1856 0 2446
1860 0 2482
1864 0 2421
1868 0 2456
1872 0 2492
1876 0 2431
1880 0 2467
1884 0 2503
1888 0 2441
1892 0 2476
1896 0 2512
1900 0 2448
1904 0 2486
1908 0 2523
1912 0 2456
1916 0 2492
1920 0 2530
1924 0 2468
1928 0 2505
1932 0 2543
1936 0 2480
1940 0 2516
1944 0 2552
1948 0 2489
1952 0 2526
1956 0 2562
1960 0 2496
1964 0 2533
1968 0 2570
1972 0 2514
1976 0 2551
1980 0 2588
1984 0 2525
1988 0 2563
1992 0 2597
1996 0 2533
2000 0 2568
2004 0 2605
2008 0 2548
2012 0 2580
2016 0 2617
2020 0 2553
2024 0 2588
2028 0 2625
2032 0 2564
2036 0 2599
2040 0 2635
2044 0 2571
2048 0 2607
2052 0 2643
2056 0 2580
2060 0 2619
2064 0 2665
2068 0 2599
2072 0 2639
2076 0 2671
2080 0 2611
2084 0 2648
2088 0 2688
2092 0 2621
2096 0 2657
2100 0 2698
2104 0 2639
2108 0 2673
2112 0 2720
2116 0 2655
2120 0 2691
2124 0 2738
2128 0 2678
2132 0 2722
2136 0 2761
2140 0 2699
2144 0 2736
2148 0 2771
2152 0 2709
2156 0 2746
2160 0 2782
2164 0 2719
2168 0 2757
2172 0 2801
2176 0 2736
2180 0 2778
2184 0 2811
2188 0 2751
2192 0 2789
2196 0 2827
2200 0 2761
2204 0 2798
2208 0 2835
2212 0 2776
2216 0 2809
2220 0 2846
2224 0 2782
2228 0 2819
2232 0 2859
2236 0 2799
2240 0 2836
2244 0 2885
2248 0 2821
2252 0 2859
2256 0 2895
2260 0 2835
2264 0 2871
2268 0 2907
2272 0 2845
2276 0 2882
2280 0 2918
2284 0 2854
2288 0 2898
2292 0 2934
2296 0 2870
2300 0 2907
2304 0 2944
2308 0 2887
2312 0 2920
2316 0 2957
2320 0 2895
2324 0 2930
2328 0 2967
2332 0 2903
2336 0 2940
2340 0 2976
2344 0 2914
2348 0 2957
2352 0 2994
2356 0 2932
2360 0 2972
2364 0 3009
2368 0 2948
2372 0 2983
2376 0 3020
2380 0 2962
2384 0 3013
2388 0 3059
2392 0 3001
2396 0 3042
2400 0 3094
