4 200000 60
8 200000 87
12 200000 113
16 200000 50
20 200000 80
24 200000 111
28 200000 48
32 200000 81
36 200000 113
40 200000 42
44 200000 73
48 200000 104
52 200000 37
56 200000 72
60 200000 108
64 200000 44
68 200000 78
72 200000 111
76 200000 39
80 200000 74
84 200000 108
88 200000 47
92 200000 88
96 200000 134
100 200000 67
104 200000 103
108 200000 134
112 200000 71
116 200000 103
120 200000 131
124 200000 70
128 200000 104
132 200000 138
136 200000 70
140 200000 117
144 200000 149
148 200000 89
152 200000 124
156 200000 162
160 200000 105
164 200000 146
168 200000 179
172 200000 122
176 200000 150
180 200000 183
184 200000 113
188 200000 145
192 200000 176
196 200000 120
200 200000 148
204 200000 194
208 200000 128
212 200000 161
216 200000 201
220 200000 131
224 200000 161
228 168707 205
232 200000 137
236 200000 171
240 200000 197
244 200000 130
248 200000 160
252 200000 189
256 200000 121
260 200000 151
264 200000 180
268 200000 116
272 200000 154
276 200000 181
280 200000 110
284 200000 139
288 200000 171
292 200000 101
296 200000 129
300 200000 160
304 200000 91
308 200000 125
312 200000 161
316 200000 98
320 200000 136
324 200000 168
328 200000 99
332 200000 128
336 200000 156
340 200000 90
344 200000 120
348 200000 149
352 200000 91
356 200000 123
360 200000 155
364 200000 91
368 200000 129
372 200000 163
376 200000 100
380 200000 130
384 200000 179
388 200000 120
392 200000 151
396 200000 178
400 200000 114
404 200000 143
408 200000 171
412 200000 100
416 200000 132
420 200000 171
424 200000 102
428 200000 131
432 200000 158
436 200000 89
440 200000 119
444 200000 145
448 200000 76
452 200000 103
456 200000 132
460 200000 62
464 200000 95
468 200000 125
472 200000 56
476 200000 88
480 200000 120
484 200000 49
488 200000 81
492 200000 116
496 200000 48
500 200000 90
504 200000 141
508 200000 75
512 200000 110
516 200000 153
520 200000 91
524 200000 127
528 200000 158
532 200000 89
536 200000 120
540 200000 151
544 200000 81
548 200000 109
552 200000 139
556 200000 65
560 200000 99
564 200000 128
568 200000 57
572 200000 85
576 200000 118
580 200000 53
584 200000 81
588 200000 108
592 200000 48
596 200000 83
600 200000 118
604 200000 52
608 200000 81
612 200000 110
616 200000 41
620 200000 69
624 200000 95
628 200000 30
632 200000 57
636 200000 84
640 200000 30
644 200000 57
648 200000 84
652 200000 58
656 200000 93
660 200000 134
664 200000 69
668 200000 103
672 200000 131
676 200000 76
680 200000 104
684 200000 132
688 200000 61
692 200000 91
696 200000 120
700 200000 46
704 200000 77
708 200000 106
712 200000 35
716 200000 63
720 200000 91
724 200000 29
728 200000 56
732 200000 83
736 200000 39
740 200000 65
744 200000 91
748 200000 37
752 200000 62
756 200000 88
760 200000 30
764 200000 58
768 200000 84
772 200000 29
776 200000 56
780 200000 83
784 200000 31
788 200000 57
792 200000 84
796 200000 29
800 200000 56
804 200000 84
808 200000 29
812 200000 56
816 200000 83
820 200000 30
824 200000 63
828 200000 96
832 200000 33
836 200000 65
840 200000 101
844 200000 38
848 200000 68
852 200000 92
856 200000 33
860 200000 67
864 200000 93
868 200000 32
872 200000 59
876 200000 85
880 200000 29
884 200000 57
888 200000 85
892 200000 30
896 200000 56
900 200000 83
904 200000 30
908 200000 60
912 200000 87
916 200000 29
920 200000 64
924 200000 91
928 200000 29
932 200000 56
936 200000 83
940 200000 30
944 200000 57
948 200000 83
952 200000 29
956 200000 57
960 200000 87
964 200000 29
968 200000 55
972 200000 83
976 200000 33
980 200000 61
984 200000 88
988 200000 33
992 200000 58
996 200000 85
1000 200000 29
1004 200000 57
1008 200000 83
1012 200000 29
1016 200000 56
1020 200000 82
1024 200000 28
1028 200000 55
1032 200000 84
1036 200000 29
1040 200000 57
1044 200000 83
1048 200000 29
1052 200000 59
1056 200000 82
1060 200000 29
1064 200000 57
1068 200000 83
1072 200000 29
1076 200000 57
1080 200000 85
1084 200000 29
1088 200000 58
1092 200000 85
1096 200000 29
1100 200000 57
1104 200000 84
1108 200000 35
1112 200000 62
1116 200000 90
1120 200000 29
1124 200000 56
1128 200000 87
1132 200000 32
1136 200000 57
1140 200000 84
1144 200000 29
1148 200000 57
1152 200000 84
1156 200000 29
1160 200000 57
1164 200000 83
1168 200000 29
1172 200000 59
1176 200000 83
1180 200000 30
1184 200000 57
1188 200000 86
1192 200000 29
1196 200000 57
1200 200000 84
1204 200000 29
1208 200000 59
1212 200000 85
1216 200000 29
1220 200000 56
1224 200000 83
1228 200000 29
1232 200000 57
1236 200000 84
1240 200000 36
1244 200000 68
1248 200000 96
1252 200000 60
1256 200000 90
1260 200000 120
1264 200000 66
1268 200000 99
1272 200000 126
1276 200000 55
1280 200000 82
1284 200000 112
1288 200000 51
1292 200000 79
1296 200000 112
1300 200000 44
1304 200000 75
1308 200000 102
1312 200000 31
1316 200000 71
1320 200000 97
1324 200000 43
1328 200000 72
1332 200000 100
1336 200000 30
1340 200000 57
1344 200000 86
1348 200000 37
1352 200000 66
1356 200000 98
1360 200000 44
1364 200000 69
1368 200000 94
1372 200000 36
1376 200000 62
1380 200000 89
1384 200000 30
1388 200000 57
1392 200000 84
1396 200000 29
1400 200000 61
1404 200000 91
1408 200000 38
1412 200000 63
1416 200000 91
1420 200000 42
1424 200000 72
1428 200000 105
1432 200000 36
1436 200000 65
1440 200000 93
1444 200000 32
1448 200000 57
1452 200000 85
1456 200000 30
1460 200000 56
1464 200000 84
1468 200000 30
1472 200000 57
1476 200000 90
1480 200000 29
1484 200000 57
1488 200000 83
1492 200000 29
1496 200000 56
1500 200000 87
1504 200000 34
1508 200000 60
1512 200000 87
1516 200000 39
1520 200000 66
1524 200000 93
1528 200000 29
1532 200000 56
1536 200000 93
1540 200000 34
1544 200000 61
1548 200000 87
1552 200000 41
1556 200000 84
1560 200000 112
1564 200000 41
1568 200000 69
1572 200000 95
1576 200000 29
1580 200000 56
1584 200000 83
1588 200000 38
1592 200000 64
1596 200000 91
1600 200000 35
1604 200000 60
1608 200000 91
1612 200000 29
1616 200000 55
1620 200000 83
1624 200000 33
1628 200000 62
1632 200000 91
1636 200000 29
1640 200000 57
1644 200000 83
1648 200000 33
1652 200000 59
1656 200000 86
1660 200000 28
1664 200000 59
1668 200000 87
1672 200000 31
1676 200000 58
1680 200000 86
1684 200000 37
1688 200000 66
1692 200000 93
1696 200000 45
1700 200000 69
1704 200000 95
1708 200000 29
1712 200000 57
1716 200000 85
1720 200000 35
1724 200000 62
1728 200000 103
1732 200000 35
1736 200000 64
1740 200000 91
1744 200000 43
1748 200000 70
1752 200000 97
1756 200000 29
1760 200000 55
1764 200000 82
1768 200000 43
1772 200000 68
1776 200000 96
1780 200000 28
1784 200000 58
1788 200000 85
1792 200000 29
1796 200000 60
1800 200000 86
1804 200000 29
1808 200000 56
1812 200000 83
1816 200000 47
1820 200000 82
1824 200000 117
1828 200000 47
1832 200000 74
1836 200000 105
1840 200000 46
1844 200000 77
1848 200000 108
1852 200000 43
1856 200000 72
1860 200000 109
1864 200000 41
1868 200000 70
1872 200000 102
1876 200000 33
1880 200000 67
1884 200000 109
1888 200000 40
1892 200000 69
1896 200000 97
1900 200000 45
1904 200000 71
1908 200000 105
1912 200000 37
1916 200000 64
1920 200000 99
1924 200000 31
1928 200000 57
1932 200000 94
1936 200000 30
1940 200000 66
1944 200000 94
1948 200000 46
1952 200000 70
1956 200000 96
1960 200000 29
1964 200000 57
1968 200000 88
1972 200000 29
1976 200000 56
1980 200000 83
1984 200000 45
1988 200000 71
1992 200000 98
1996 200000 28
2000 200000 56
2004 200000 84
2008 200000 29
2012 200000 57
2016 200000 83
2020 200000 29
2024 200000 58
2028 200000 84
2032 200000 44
2036 200000 69
2040 200000 98
2044 200000 29
2048 200000 58
2052 200000 83
2056 200000 29
2060 200000 57
2064 200000 84
2068 200000 45
2072 200000 73
2076 200000 98
2080 200000 29
2084 200000 58
2088 200000 84
2092 200000 41
2096 200000 72
2100 200000 104
2104 200000 36
2108 200000 63
2112 200000 90
2116 200000 37
2120 200000 61
2124 200000 88
2128 200000 29
2132 200000 62
2136 200000 89
2140 200000 29
2144 200000 56
2148 200000 86
2152 200000 30
2156 200000 56
2160 200000 91
2164 200000 31
2168 200000 60
2172 200000 99
2176 200000 46
2180 200000 91
2184 200000 122
2188 200000 56
2192 200000 90
2196 200000 118
2200 200000 47
2204 200000 83
2208 200000 111
2212 200000 44
2216 200000 72
2220 200000 106
2224 200000 34
2228 200000 61
2232 200000 92
2236 200000 30
2240 200000 57
2244 200000 87
2248 200000 34
2252 200000 63
2256 200000 94
2260 200000 34
2264 200000 63
2268 200000 91
2272 200000 39
2276 200000 74
2280 200000 101
2284 200000 29
2288 200000 64
2292 200000 93
2296 200000 46
2300 200000 77
2304 200000 104
2308 200000 35
2312 200000 62
2316 200000 90
2320 200000 35
2324 200000 74
2328 200000 109
2332 200000 38
2336 200000 65
2340 200000 93
2344 200000 31
2348 200000 56
2352 200000 85
2356 200000 28
2360 200000 59
2364 200000 84
2368 200000 31
2372 200000 59
2376 200000 85
2380 200000 32
2384 200000 56
2388 200000 86
2392 200000 31
2396 200000 64
2400 200000 95
