4 200000 123
8 142246 232
12 0 345
16 0 360
20 0 479
24 0 592
28 0 609
32 0 722
36 0 833
40 0 848
44 0 960
48 0 1074
52 0 1086
56 0 1200
60 0 1312
64 0 1326
68 0 1439
72 0 1553
76 0 1568
80 0 1680
84 0 1791
88 0 1805
92 0 1918
96 0 2030
100 0 2051
104 0 2164
108 0 2276
112 0 2291
116 0 2405
120 0 2518
124 0 2537
128 0 2651
132 0 2765
136 0 2779
140 0 2893
144 0 3003
148 0 3017
152 0 3131
156 0 3243
160 0 3256
164 0 3370
168 0 3483
172 0 3496
176 0 3611
180 0 3723
184 0 3735
188 0 3848
192 0 3961
196 0 3977
200 0 4086
204 0 4200
208 0 4214
212 0 4328
216 0 4439
220 0 4453
224 0 4566
228 0 4680
232 0 4692
236 0 4805
240 0 4918
244 0 4933
248 0 5046
252 0 5159
256 0 5173
260 0 5286
264 0 5398
268 0 5412
272 0 5524
276 0 5638
280 0 5654
284 0 5764
288 0 5878
292 0 5891
296 0 6009
300 0 6126
304 0 6140
308 0 6253
312 0 6368
316 0 6381
320 0 6495
324 0 6607
328 0 6623
332 0 6737
336 0 6850
340 0 6863
344 0 6978
348 0 7088
352 0 7107
356 0 7221
360 0 7335
364 0 7347
368 0 7462
372 0 7573
376 0 7587
380 0 7699
384 0 7812
388 0 7827
392 0 7941
396 0 8056
400 0 8068
404 0 8180
408 0 8294
412 0 8306
416 0 8420
420 0 8534
424 0 8547
428 0 8659
432 0 8772
436 0 8784
440 0 8899
444 0 9009
448 0 9021
452 0 9132
456 0 9244
460 0 9262
464 0 9373
468 0 9485
472 0 9497
476 0 9609
480 0 9720
484 0 9732
488 0 9844
492 0 9955
496 0 9968
500 0 10080
504 0 10192
508 0 10204
512 0 10315
516 0 10426
520 0 10438
524 0 10550
528 0 10660
532 0 10673
536 0 10784
540 0 10895
544 0 10908
548 0 11020
552 0 11131
556 0 11142
560 0 11254
564 0 11366
568 0 11377
572 0 11488
576 0 11603
580 0 11613
584 0 11724
588 0 11833
592 0 11844
596 0 11956
600 0 12066
604 0 12077
608 0 12189
612 0 12301
616 0 12314
620 0 12424
624 0 12536
628 0 12547
632 0 12662
636 0 12769
640 0 12781
644 0 12891
648 0 13003
652 0 13016
656 0 13130
660 0 13236
664 0 13247
668 0 13358
672 0 13468
676 0 13481
680 0 13594
684 0 13703
688 0 13713
692 0 13824
696 0 13938
700 0 13945
704 0 14057
708 0 14168
712 0 14179
716 0 14289
720 0 14400
724 0 14410
728 0 14520
732 0 14630
736 0 14640
740 0 14750
744 0 14862
748 0 14872
752 0 14983
756 0 15095
760 0 15104
764 0 15216
768 0 15326
772 0 15341
776 0 15452
780 0 15561
784 0 15573
788 0 15684
792 0 15794
796 0 15805
800 0 15915
804 0 16026
808 0 16037
812 0 16148
816 0 16257
820 0 16271
824 0 16382
828 0 16490
832 0 16502
836 0 16613
840 0 16723
844 0 16735
848 0 16849
852 0 16961
856 0 16972
860 0 17083
864 0 17193
868 0 17205
872 0 17316
876 0 17426
880 0 17438
884 0 17549
888 0 17662
892 0 17671
896 0 17782
900 0 17893
904 0 17903
908 0 18015
912 0 18125
916 0 18137
920 0 18251
924 0 18361
928 0 18376
932 0 18484
936 0 18596
940 0 18606
944 0 18717
948 0 18828
952 0 18841
956 0 18950
960 0 19061
964 0 19074
968 0 19186
972 0 19293
976 0 19305
980 0 19415
984 0 19532
988 0 19544
992 0 19659
996 0 19769
1000 0 19783
1004 0 19892
1008 0 20002
1012 0 20015
1016 0 20124
1020 0 20234
1024 0 20248
1028 0 20360
1032 0 20475
1036 0 20482
1040 0 20595
1044 0 20705
1048 0 20717
1052 0 20828
1056 0 20940
1060 0 20954
1064 0 21066
1068 0 21177
1072 0 21188
1076 0 21299
1080 0 21410
1084 0 21423
1088 0 21534
1092 0 21645
1096 0 21659
1100 0 21769
1104 0 21880
1108 0 21894
1112 0 22004
1116 0 22119
1120 0 22132
1124 0 22244
1128 0 22355
1132 0 22368
1136 0 22481
1140 0 22609
1144 0 22622
1148 0 22734
1152 0 22844
1156 0 22856
1160 0 22968
1164 0 23080
1168 0 23093
1172 0 23205
1176 0 23343
1180 0 23356
1184 0 23469
1188 0 23578
1192 0 23592
1196 0 23702
1200 0 23813
1204 0 23832
1208 0 23944
1212 0 24063
1216 0 24076
1220 0 24189
1224 0 24303
1228 0 24314
1232 0 24427
1236 0 24540
1240 0 24552
1244 0 24665
1248 0 24778
1252 0 24791
1256 0 24904
1260 0 25016
1264 0 25028
1268 0 25141
1272 0 25254
1276 0 25269
1280 0 25383
1284 0 25498
1288 0 25511
1292 0 25623
1296 0 25736
1300 0 25750
1304 0 25862
1308 0 25975
1312 0 25987
1316 0 26100
1320 0 26212
1324 0 26226
1328 0 26337
1332 0 26450
1336 0 26465
1340 0 26576
1344 0 26688
1348 0 26701
1352 0 26814
1356 0 26927
1360 0 26943
1364 0 27055
1368 0 27167
1372 0 27180
1376 0 27293
1380 0 27408
1384 0 27420
1388 0 27533
1392 0 27645
1396 0 27659
1400 0 27773
1404 0 27885
1408 0 27898
1412 0 28012
1416 0 28127
1420 0 28142
1424 0 28255
1428 0 28371
1432 0 28385
1436 0 28502
1440 0 28617
1444 0 28629
1448 0 28740
1452 0 28854
1456 0 28867
1460 0 28980
1464 0 29096
1468 0 29112
1472 0 29224
1476 0 29335
1480 0 29350
1484 0 29463
1488 0 29575
1492 0 29589
1496 0 29701
1500 0 29813
1504 0 29829
1508 0 29941
1512 0 30055
1516 0 30070
1520 0 30182
1524 0 30296
1528 0 30311
1532 0 30422
1536 0 30534
1540 0 30549
1544 0 30663
1548 0 30774
1552 0 30788
1556 0 30901
1560 0 31014
1564 0 31028
1568 0 31140
1572 0 31256
1576 0 31268
1580 0 31381
1584 0 31494
1588 0 31512
1592 0 31627
1596 0 31741
1600 0 31754
1604 0 31869
1608 0 31980
1612 0 31994
1616 0 32107
1620 0 32220
1624 0 32236
1628 0 32348
1632 0 32460
1636 0 32474
1640 0 32587
1644 0 32699
1648 0 32714
1652 0 32829
1656 0 32940
1660 0 32953
1664 0 33067
1668 0 33181
1672 0 33196
1676 0 33309
1680 0 33421
1684 0 33436
1688 0 33548
1692 0 33664
1696 0 33677
1700 0 33787
1704 0 33901
1708 0 33915
1712 0 34028
1716 0 34140
1720 0 34155
1724 0 34268
1728 0 34381
1732 0 34396
1736 0 34509
1740 0 34624
1744 0 34636
1748 0 34751
1752 0 34862
1756 0 34880
1760 0 34992
1764 0 35105
1768 0 35120
1772 0 35235
1776 0 35346
1780 0 35361
1784 0 35473
1788 0 35586
1792 0 35600
1796 0 35714
1800 0 35826
1804 0 35843
1808 0 35956
1812 0 36067
1816 0 36082
1820 0 36194
1824 0 36309
1828 0 36323
1832 0 36437
1836 0 36548
1840 0 36563
1844 0 36677
1848 0 36790
1852 0 36806
1856 0 36918
1860 0 37031
1864 0 37049
1868 0 37164
1872 0 37287
1876 0 37303
1880 0 37416
1884 0 37529
1888 0 37543
1892 0 37657
1896 0 37769
1900 0 37785
1904 0 37897
1908 0 38013
1912 0 38024
1916 0 38137
1920 0 38250
1924 0 38263
1928 0 38378
1932 0 38492
1936 0 38509
1940 0 38619
1944 0 38732
1948 0 38747
1952 0 38859
1956 0 38975
1960 0 38988
1964 0 39103
1968 0 39215
1972 0 39227
1976 0 39341
1980 0 39456
1984 0 39468
1988 0 39582
1992 0 39697
1996 0 39710
2000 0 39824
2004 0 39936
2008 0 39952
2012 0 40064
2016 0 40182
2020 0 40193
2024 0 40309
2028 0 40421
2032 0 40435
2036 0 40551
2040 0 40663
2044 0 40678
2048 0 40790
2052 0 40913
2056 0 40927
2060 0 41040
2064 0 41153
2068 0 41169
2072 0 41281
2076 0 41396
2080 0 41408
2084 0 41521
2088 0 41634
2092 0 41649
2096 0 41763
2100 0 41876
2104 0 41892
2108 0 42006
2112 0 42119
2116 0 42136
2120 0 42254
2124 0 42367
2128 0 42378
2132 0 42491
2136 0 42607
2140 0 42619
2144 0 42733
2148 0 42847
2152 0 42860
2156 0 42981
2160 0 43094
2164 0 43108
2168 0 43219
2172 0 43333
2176 0 43347
2180 0 43460
2184 0 43574
2188 0 43588
2192 0 43700
2196 0 43814
2200 0 43829
2204 0 43941
2208 0 44058
2212 0 44074
2216 0 44185
2220 0 44324
2224 0 44340
2228 0 44453
2232 0 44573
2236 0 44589
2240 0 44701
2244 0 44815
2248 0 44827
2252 0 44941
2256 0 45054
2260 0 45069
2264 0 45186
2268 0 45299
2272 0 45320
2276 0 45433
2280 0 45546
2284 0 45559
2288 0 45673
2292 0 45787
2296 0 45800
2300 0 45913
2304 0 46033
2308 0 46045
2312 0 46161
2316 0 46275
2320 0 46290
2324 0 46403
2328 0 46516
2332 0 46531
2336 0 46644
2340 0 46761
2344 0 46772
2348 0 46888
2352 0 46998
2356 0 47013
2360 0 47129
2364 0 47242
2368 0 47253
2372 0 47368
2376 0 47481
2380 0 47496
2384 0 47612
2388 0 47728
2392 0 47740
2396 0 47853
2400 0 47967
