4 200000 75
8 200000 128
12 200000 186
16 200000 149
20 182873 205
24 0 260
28 141489 217
32 0 272
36 0 328
40 0 286
44 0 341
48 0 398
52 0 355
56 0 410
60 0 466
64 0 424
68 0 479
72 0 536
76 0 492
80 0 549
84 0 603
88 0 561
92 0 618
96 0 671
100 0 628
104 0 683
108 0 739
112 0 699
116 0 754
120 0 808
124 0 765
128 0 820
132 0 876
136 0 833
140 0 889
144 0 946
148 0 902
152 0 958
156 0 1013
160 0 970
164 0 1025
168 0 1082
172 0 1038
176 0 1094
180 0 1149
184 0 1106
188 0 1164
192 0 1218
196 0 1174
200 0 1229
204 0 1287
208 0 1243
212 0 1300
216 0 1356
220 0 1311
224 0 1367
228 0 1422
232 0 1379
236 0 1434
240 0 1490
244 0 1447
248 0 1502
252 0 1558
256 0 1515
260 0 1571
264 0 1626
268 0 1583
272 0 1638
276 0 1694
280 0 1654
284 0 1709
288 0 1762
292 0 1719
296 0 1777
300 0 1830
304 0 1788
308 0 1842
312 0 1898
316 0 1855
320 0 1911
324 0 1966
328 0 1923
332 0 1979
336 0 2043
340 0 2000
344 0 2055
348 0 2111
352 0 2067
356 0 2122
360 0 2178
364 0 2135
368 0 2191
372 0 2246
376 0 2204
380 0 2257
384 0 2313
388 0 2269
392 0 2325
396 0 2381
400 0 2337
404 0 2393
408 0 2447
412 0 2404
416 0 2464
420 0 2521
424 0 2477
428 0 2532
432 0 2588
436 0 2545
440 0 2598
444 0 2655
448 0 2611
452 0 2665
456 0 2721
460 0 2679
464 0 2733
468 0 2789
472 0 2744
476 0 2800
480 0 2855
484 0 2811
488 0 2865
492 0 2923
496 0 2877
500 0 2932
504 0 2987
508 0 2944
512 0 2999
516 0 3055
520 0 3011
524 0 3065
528 0 3120
532 0 3076
536 0 3132
540 0 3186
544 0 3142
548 0 3196
552 0 3252
556 0 3208
560 0 3263
564 0 3318
568 0 3275
572 0 3330
576 0 3384
580 0 3341
584 0 3396
588 0 3450
592 0 3407
596 0 3462
600 0 3516
604 0 3472
608 0 3526
612 0 3582
616 0 3539
620 0 3593
624 0 3647
628 0 3603
632 0 3658
636 0 3715
640 0 3669
644 0 3723
648 0 3778
652 0 3734
656 0 3788
660 0 3843
664 0 3799
668 0 3853
672 0 3908
676 0 3865
680 0 3919
684 0 3974
688 0 3929
692 0 3983
696 0 4039
700 0 3994
704 0 4050
708 0 4103
712 0 4061
716 0 4114
720 0 4171
724 0 4124
728 0 4179
732 0 4233
736 0 4189
740 0 4242
744 0 4298
748 0 4254
752 0 4307
756 0 4362
760 0 4318
764 0 4372
768 0 4429
772 0 4384
776 0 4439
780 0 4491
784 0 4447
788 0 4501
792 0 4556
796 0 4511
800 0 4565
804 0 4620
808 0 4576
812 0 4630
816 0 4684
820 0 4640
824 0 4694
828 0 4749
832 0 4705
836 0 4759
840 0 4813
844 0 4769
848 0 4823
852 0 4881
856 0 4833
860 0 4888
864 0 4941
868 0 4897
872 0 4951
876 0 5006
880 0 4962
884 0 5016
888 0 5070
892 0 5024
896 0 5081
900 0 5133
904 0 5089
908 0 5144
912 0 5200
916 0 5153
920 0 5208
924 0 5261
928 0 5216
932 0 5271
936 0 5325
940 0 5280
944 0 5335
948 0 5388
952 0 5344
956 0 5397
960 0 5452
964 0 5408
968 0 5464
972 0 5515
976 0 5469
980 0 5524
984 0 5578
988 0 5539
992 0 5587
996 0 5641
1000 0 5597
1004 0 5651
1008 0 5705
1012 0 5659
1016 0 5714
1020 0 5768
1024 0 5724
1028 0 5777
1032 0 5834
1036 0 5788
1040 0 5843
1044 0 5898
1048 0 5855
1052 0 5910
1056 0 5966
1060 0 5923
1064 0 5987
1068 0 6041
1072 0 5998
1076 0 6052
1080 0 6107
1084 0 6071
1088 0 6116
1092 0 6170
1096 0 6126
1100 0 6179
1104 0 6235
1108 0 6198
1112 0 6249
1116 0 6304
1120 0 6260
1124 0 6315
1128 0 6369
1132 0 6326
1136 0 6380
1140 0 6438
1144 0 6392
1148 0 6448
1152 0 6505
1156 0 6470
1160 0 6519
1164 0 6588
1168 0 6554
1172 0 6612
1176 0 6668
1180 0 6625
1184 0 6681
1188 0 6738
1192 0 6698
1196 0 6755
1200 0 6811
1204 0 6769
1208 0 6827
1212 0 6884
1216 0 6844
1220 0 6900
1224 0 6958
1228 0 6919
1232 0 6981
1236 0 7040
1240 0 6998
1244 0 7059
1248 0 7119
1252 0 7080
1256 0 7142
1260 0 7206
1264 0 7169
1268 0 7233
1272 0 7298
1276 0 7260
1280 0 7321
1284 0 7384
1288 0 7353
1292 0 7408
1296 0 7469
1300 0 7437
1304 0 7496
1308 0 7562
1312 0 7525
1316 0 7585
1320 0 7650
1324 0 7627
1328 0 7677
1332 0 7741
1336 0 7707
1340 0 7773
1344 0 7840
1348 0 7801
1352 0 7871
1356 0 7932
1360 0 7896
1364 0 7959
1368 0 8022
1372 0 7998
1376 0 8070
1380 0 8134
1384 0 8102
1388 0 8168
1392 0 8228
1396 0 8202
1400 0 8259
1404 0 8325
1408 0 8296
1412 0 8366
1416 0 8426
1420 0 8400
1424 0 8465
1428 0 8521
1432 0 8482
1436 0 8549
1440 0 8609
1444 0 8568
1448 0 8627
1452 0 8695
1456 0 8659
1460 0 8724
1464 0 8788
1468 0 8749
1472 0 8809
1476 0 8870
1480 0 8840
1484 0 8903
1488 0 8972
1492 0 8934
1496 0 8994
1500 0 9059
1504 0 9026
1508 0 9085
1512 0 9147
1516 0 9107
1520 0 9182
1524 0 9229
1528 0 9190
1532 0 9250
1536 0 9309
1540 0 9271
1544 0 9325
1548 0 9380
1552 0 9339
1556 0 9399
1560 0 9456
1564 0 9412
1568 0 9470
1572 0 9525
1576 0 9481
1580 0 9539
1584 0 9593
1588 0 9557
1592 0 9613
1596 0 9667
1600 0 9624
1604 0 9677
1608 0 9731
1612 0 9690
1616 0 9743
1620 0 9798
1624 0 9754
1628 0 9806
1632 0 9862
1636 0 9816
1640 0 9870
1644 0 9925
1648 0 9878
1652 0 9939
1656 0 9988
1660 0 9948
1664 0 10002
1668 0 10055
1672 0 10012
1676 0 10068
1680 0 10123
1684 0 10074
1688 0 10128
1692 0 10182
1696 0 10146
1700 0 10200
1704 0 10255
1708 0 10209
1712 0 10263
1716 0 10318
1720 0 10269
1724 0 10324
1728 0 10378
1732 0 10335
1736 0 10390
1740 0 10444
1744 0 10403
1748 0 10455
1752 0 10512
1756 0 10463
1760 0 10517
1764 0 10571
1768 0 10530
1772 0 10598
1776 0 10650
1780 0 10600
1784 0 10654
1788 0 10712
1792 0 10671
1796 0 10726
1800 0 10781
1804 0 10742
1808 0 10796
1812 0 10850
1816 0 10804
1820 0 10856
1824 0 10911
1828 0 10868
1832 0 10924
1836 0 10979
1840 0 10930
1844 0 10984
1848 0 11039
1852 0 11015
1856 0 11070
1860 0 11124
1864 0 11077
1868 0 11131
1872 0 11187
1876 0 11149
1880 0 11199
1884 0 11255
1888 0 11205
1892 0 11260
1896 0 11317
1900 0 11277
1904 0 11330
1908 0 11386
1912 0 11342
1916 0 11395
1920 0 11449
1924 0 11411
1928 0 11468
1932 0 11522
1936 0 11475
1940 0 11530
1944 0 11588
1948 0 11544
1952 0 11603
1956 0 11657
1960 0 11610
1964 0 11663
1968 0 11719
1972 0 11679
1976 0 11735
1980 0 11791
1984 0 11740
1988 0 11796
1992 0 11850
1996 0 11822
2000 0 11883
2004 0 11938
2008 0 11890
2012 0 11946
2016 0 12001
2020 0 11964
2024 0 12024
2028 0 12076
2032 0 12022
2036 0 12078
2040 0 12135
2044 0 12096
2048 0 12152
2052 0 12207
2056 0 12168
2060 0 12224
2064 0 12279
2068 0 12238
2072 0 12292
2076 0 12349
2080 0 12301
2084 0 12357
2088 0 12413
2092 0 12363
2096 0 12420
2100 0 12476
2104 0 12451
2108 0 12508
2112 0 12564
2116 0 12514
2120 0 12570
2124 0 12626
2128 0 12583
2132 0 12638
2136 0 12699
2140 0 12659
2144 0 12719
2148 0 12774
2152 0 12732
2156 0 12788
2160 0 12843
2164 0 12806
2168 0 12868
2172 0 12924
2176 0 12878
2180 0 12932
2184 0 12992
2188 0 12947
2192 0 13013
2196 0 13068
2200 0 13021
2204 0 13077
2208 0 13133
2212 0 13086
2216 0 13141
2220 0 13197
2224 0 13156
2228 0 13212
2232 0 13269
2236 0 13243
2240 0 13296
2244 0 13353
2248 0 13300
2252 0 13355
2256 0 13413
2260 0 13784
2264 0 13845
2268 0 13897
2272 0 13864
2276 0 13922
2280 0 13976
2284 0 13929
2288 0 13985
2292 0 14041
2296 0 13983
2300 0 14042
2304 0 14099
2308 0 14063
2312 0 14119
2316 0 14175
2320 0 14148
2324 0 14204
2328 0 14259
2332 0 14223
2336 0 14282
2340 0 14339
2344 0 14305
2348 0 14362
2352 0 14417
2356 0 14380
2360 0 14445
2364 0 14499
2368 0 14428
2372 0 14484
2376 0 14540
2380 0 14516
2384 0 14572
2388 0 14629
2392 0 14593
2396 0 14656
2400 0 14712
