4 200000 62
8 200000 78
12 200000 98
16 200000 25
20 200000 47
24 200000 72
28 200000 24
32 200000 48
36 200000 70
40 200000 24
44 200000 47
48 200000 70
52 200000 25
56 200000 46
60 200000 69
64 200000 24
68 200000 46
72 200000 69
76 200000 27
80 200000 49
84 200000 70
88 200000 25
92 200000 50
96 200000 72
100 200000 31
104 200000 52
108 200000 75
112 200000 52
116 200000 73
120 200000 94
124 200000 27
128 200000 49
132 200000 73
136 200000 25
140 200000 46
144 200000 69
148 200000 25
152 200000 47
156 200000 67
160 200000 35
164 200000 57
168 200000 78
172 200000 26
176 200000 47
180 200000 70
184 200000 29
188 200000 46
192 200000 69
196 200000 25
200 200000 49
204 200000 72
208 200000 26
212 200000 51
216 200000 74
220 200000 25
224 200000 47
228 200000 69
232 200000 25
236 200000 47
240 200000 69
244 200000 26
248 200000 52
252 200000 69
256 200000 25
260 200000 48
264 200000 69
268 200000 26
272 200000 47
276 200000 69
280 200000 52
284 200000 73
288 200000 92
292 200000 25
296 200000 46
300 200000 69
304 200000 25
308 200000 48
312 200000 69
316 200000 27
320 200000 51
324 200000 69
328 200000 25
332 200000 46
336 200000 70
340 200000 25
344 200000 48
348 200000 70
352 200000 26
356 200000 48
360 200000 70
364 200000 26
368 200000 47
372 200000 69
376 200000 46
380 200000 65
384 200000 86
388 200000 37
392 200000 60
396 200000 81
400 200000 25
404 200000 49
408 200000 69
412 200000 25
416 200000 48
420 200000 69
424 200000 25
428 200000 47
432 200000 72
436 200000 25
440 200000 50
444 200000 77
448 200000 28
452 200000 61
456 200000 82
460 200000 24
464 200000 58
468 200000 80
472 200000 24
476 200000 54
480 200000 77
484 200000 24
488 200000 46
492 200000 68
496 200000 28
500 200000 48
504 200000 70
508 200000 25
512 200000 46
516 200000 68
520 200000 53
524 200000 73
528 200000 93
532 200000 24
536 200000 47
540 200000 68
544 200000 34
548 200000 54
552 200000 75
556 200000 25
560 200000 46
564 200000 68
568 200000 28
572 200000 50
576 200000 73
580 200000 25
584 200000 49
588 200000 70
592 200000 25
596 200000 47
600 200000 67
604 200000 24
608 200000 46
612 200000 70
616 200000 26
620 200000 48
624 200000 68
628 200000 32
632 200000 53
636 200000 73
640 200000 24
644 200000 47
648 200000 69
652 200000 27
656 200000 48
660 200000 70
664 200000 52
668 200000 72
672 200000 101
676 200000 26
680 200000 47
684 200000 74
688 200000 25
692 200000 47
696 200000 68
700 200000 24
704 200000 47
708 200000 70
712 200000 27
716 200000 48
720 200000 69
724 200000 24
728 200000 47
732 200000 67
736 200000 26
740 200000 46
744 200000 68
748 200000 25
752 200000 46
756 200000 67
760 200000 24
764 200000 46
768 200000 68
772 200000 25
776 200000 47
780 200000 69
784 200000 27
788 200000 51
792 200000 71
796 200000 24
800 200000 49
804 200000 71
808 200000 26
812 200000 48
816 200000 69
820 200000 26
824 200000 49
828 200000 68
832 200000 25
836 200000 46
840 200000 69
844 200000 24
848 200000 49
852 200000 71
856 200000 25
860 200000 47
864 200000 77
868 200000 23
872 200000 45
876 200000 69
880 200000 24
884 200000 49
888 200000 67
892 200000 25
896 200000 46
900 200000 67
904 200000 24
908 200000 45
912 200000 66
916 200000 26
920 200000 48
924 200000 68
928 200000 28
932 200000 50
936 200000 70
940 200000 24
944 200000 46
948 200000 68
952 200000 25
956 200000 47
960 200000 69
964 200000 24
968 200000 44
972 200000 66
976 200000 26
980 200000 46
984 200000 69
988 200000 23
992 200000 46
996 200000 67
1000 200000 23
1004 200000 45
1008 200000 66
1012 200000 24
1016 200000 45
1020 200000 66
1024 200000 23
1028 200000 44
1032 200000 66
1036 200000 24
1040 200000 48
1044 200000 69
1048 200000 23
1052 200000 46
1056 200000 67
1060 200000 30
1064 200000 53
1068 200000 74
1072 200000 24
1076 200000 52
1080 200000 71
1084 200000 25
1088 200000 52
1092 200000 73
1096 200000 23
1100 200000 52
1104 200000 72
1108 200000 25
1112 200000 55
1116 200000 82
1120 200000 24
1124 200000 45
1128 200000 73
1132 200000 25
1136 200000 48
1140 200000 70
1144 200000 23
1148 200000 46
1152 200000 67
1156 200000 23
1160 200000 45
1164 200000 68
1168 200000 25
1172 200000 46
1176 200000 68
1180 200000 23
1184 200000 45
1188 200000 66
1192 200000 24
1196 200000 46
1200 200000 66
1204 200000 23
1208 200000 46
1212 200000 67
1216 200000 28
1220 200000 52
1224 200000 73
1228 200000 23
1232 200000 44
1236 200000 67
1240 200000 24
1244 200000 47
1248 200000 67
1252 200000 22
1256 200000 44
1260 200000 65
1264 200000 22
1268 200000 44
1272 200000 66
1276 200000 24
1280 200000 46
1284 200000 68
1288 200000 23
1292 200000 46
1296 200000 66
1300 200000 23
1304 200000 43
1308 200000 67
1312 200000 24
1316 200000 46
1320 200000 68
1324 200000 26
1328 200000 49
1332 200000 69
1336 200000 25
1340 200000 46
1344 200000 70
1348 200000 23
1352 200000 63
1356 200000 83
1360 200000 23
1364 200000 47
1368 200000 68
1372 200000 23
1376 200000 44
1380 200000 66
1384 200000 26
1388 200000 48
1392 200000 69
1396 200000 22
1400 200000 44
1404 200000 66
1408 200000 23
1412 200000 47
1416 200000 66
1420 200000 25
1424 200000 48
1428 200000 69
1432 200000 22
1436 200000 43
1440 200000 66
1444 200000 23
1448 200000 44
1452 200000 67
1456 200000 28
1460 200000 55
1464 200000 81
1468 200000 23
1472 200000 48
1476 200000 73
1480 200000 26
1484 200000 57
1488 200000 75
1492 200000 25
1496 200000 49
1500 200000 74
1504 200000 23
1508 200000 47
1512 200000 73
1516 200000 22
1520 200000 52
1524 200000 84
1528 200000 26
1532 200000 48
1536 200000 70
1540 200000 22
1544 200000 45
1548 200000 68
1552 200000 24
1556 200000 47
1560 200000 66
1564 200000 23
1568 200000 47
1572 200000 67
1576 200000 22
1580 200000 44
1584 200000 67
1588 200000 28
1592 200000 49
1596 200000 72
1600 200000 23
1604 200000 44
1608 200000 66
1612 200000 25
1616 200000 47
1620 200000 70
1624 200000 24
1628 200000 46
1632 200000 68
1636 200000 22
1640 200000 44
1644 200000 68
1648 200000 24
1652 200000 44
1656 200000 66
1660 200000 21
1664 200000 43
1668 200000 67
1672 200000 25
1676 200000 48
1680 200000 68
1684 200000 23
1688 200000 44
1692 200000 65
1696 200000 24
1700 200000 45
1704 200000 67
1708 200000 21
1712 200000 46
1716 200000 67
1720 200000 22
1724 200000 44
1728 200000 64
1732 200000 24
1736 200000 47
1740 200000 73
1744 200000 26
1748 200000 47
1752 200000 75
1756 200000 25
1760 200000 46
1764 200000 68
1768 200000 35
1772 200000 57
1776 200000 77
1780 200000 22
1784 200000 50
1788 200000 90
1792 200000 22
1796 200000 44
1800 200000 68
1804 200000 24
1808 200000 45
1812 200000 72
1816 200000 27
1820 200000 48
1824 200000 74
1828 200000 24
1832 200000 46
1836 200000 68
1840 200000 50
1844 200000 70
1848 200000 103
1852 200000 26
1856 200000 45
1860 200000 67
1864 200000 22
1868 200000 45
1872 200000 74
1876 200000 40
1880 200000 62
1884 200000 84
1888 200000 22
1892 200000 51
1896 200000 81
1900 200000 27
1904 200000 52
1908 200000 97
1912 200000 27
1916 200000 47
1920 200000 69
1924 200000 21
1928 200000 45
1932 200000 74
1936 200000 26
1940 200000 51
1944 200000 74
1948 200000 27
1952 200000 49
1956 200000 70
1960 200000 23
1964 200000 47
1968 200000 76
1972 200000 48
1976 200000 70
1980 200000 96
1984 200000 22
1988 200000 54
1992 200000 75
1996 200000 25
2000 200000 48
2004 200000 81
2008 200000 23
2012 200000 50
2016 200000 73
2020 200000 28
2024 200000 49
2028 200000 73
2032 200000 34
2036 200000 52
2040 200000 75
2044 200000 24
2048 200000 46
2052 200000 79
2056 200000 26
2060 200000 64
2064 200000 95
2068 200000 25
2072 200000 64
2076 200000 87
2080 200000 29
2084 200000 50
2088 200000 76
2092 200000 24
2096 200000 51
2100 200000 78
2104 200000 25
2108 200000 49
2112 200000 77
2116 200000 24
2120 200000 50
2124 200000 93
2128 200000 26
2132 200000 48
2136 200000 70
2140 200000 26
2144 200000 50
2148 200000 73
2152 200000 27
2156 200000 48
2160 200000 82
2164 200000 24
2168 200000 45
2172 200000 69
2176 200000 27
2180 200000 48
2184 200000 69
2188 200000 29
2192 200000 48
2196 200000 75
2200 200000 23
2204 200000 51
2208 200000 72
2212 200000 27
2216 200000 47
2220 200000 70
2224 200000 24
2228 200000 46
2232 200000 71
2236 200000 27
2240 200000 52
2244 200000 78
2248 200000 27
2252 200000 48
2256 200000 72
2260 200000 38
2264 200000 73
2268 200000 94
2272 200000 24
2276 200000 54
2280 200000 76
2284 200000 25
2288 200000 48
2292 200000 68
2296 200000 25
2300 200000 48
2304 200000 69
2308 200000 53
2312 200000 73
2316 200000 109
2320 200000 43
2324 200000 68
2328 200000 92
2332 200000 31
2336 200000 53
2340 200000 79
2344 200000 24
2348 200000 51
2352 200000 78
2356 200000 25
2360 200000 52
2364 200000 74
2368 200000 29
2372 200000 47
2376 200000 74
2380 200000 24
2384 200000 50
2388 200000 71
2392 200000 25
2396 200000 47
2400 200000 76
