4 200000 62
8 200000 84
12 200000 103
16 200000 28
20 200000 50
24 200000 74
28 200000 39
36 200000 66
32 200000 72
48 200000 66
40 200000 68
44 200000 71
52 200000 24
56 200000 45
60 200000 66
64 200000 24
68 200000 44
72 200000 74
76 200000 23
80 200000 45
84 200000 79
88 200000 24
92 200000 44
96 200000 73
100 200000 23
104 200000 45
108 200000 73
112 200000 24
116 200000 44
120 200000 73
124 200000 24
128 200000 44
132 200000 67
136 200000 23
140 200000 45
144 200000 75
148 200000 23
152 200000 45
156 200000 69
160 200000 24
164 200000 44
168 200000 74
172 200000 52
176 200000 55
180 200000 70
184 200000 49
188 200000 69
192 200000 91
196 200000 23
200 200000 44
204 200000 67
208 200000 54
212 200000 91
216 200000 112
220 200000 27
224 200000 48
228 200000 70
232 200000 23
236 200000 44
240 200000 66
244 200000 23
248 200000 44
252 200000 66
256 200000 23
260 200000 44
264 200000 65
268 200000 23
272 200000 44
276 200000 66
280 200000 23
284 200000 44
288 200000 66
292 200000 24
296 200000 45
300 200000 66
304 200000 24
308 200000 45
312 200000 67
316 200000 25
320 200000 46
324 200000 67
328 200000 23
332 200000 49
336 200000 70
340 200000 23
344 200000 44
348 200000 65
352 200000 24
356 200000 44
360 200000 65
364 200000 25
368 200000 46
372 200000 66
376 200000 24
380 200000 45
384 200000 66
388 200000 23
392 200000 45
396 200000 66
400 200000 23
404 200000 45
408 200000 67
412 200000 23
416 200000 45
420 200000 66
424 200000 23
428 200000 45
432 200000 66
436 200000 23
440 200000 47
444 200000 66
448 200000 23
452 200000 45
456 200000 65
460 200000 23
464 200000 47
468 200000 68
472 200000 23
476 200000 45
480 200000 65
484 200000 23
488 200000 46
492 200000 67
496 200000 23
500 200000 46
504 200000 66
508 200000 23
512 200000 45
516 200000 65
520 200000 23
524 200000 46
528 200000 67
532 200000 23
536 200000 44
540 200000 65
544 200000 49
548 200000 67
552 200000 91
556 200000 23
560 200000 44
564 200000 66
568 200000 23
572 200000 44
576 200000 66
580 200000 24
584 200000 45
588 200000 67
592 200000 24
596 200000 45
600 200000 67
604 200000 23
608 200000 45
612 200000 66
616 200000 23
620 200000 45
624 200000 65
628 200000 24
632 200000 45
636 200000 67
640 200000 24
644 200000 45
648 200000 67
652 200000 24
656 200000 46
660 200000 66
664 200000 23
668 200000 45
672 200000 67
676 200000 23
680 200000 45
684 200000 65
688 200000 23
692 200000 45
696 200000 66
700 200000 23
704 200000 45
708 200000 66
712 200000 23
716 200000 44
720 200000 66
724 200000 23
728 200000 45
732 200000 66
736 200000 26
740 200000 46
744 200000 68
748 200000 30
752 200000 53
756 200000 74
760 200000 23
764 200000 44
768 200000 66
772 200000 24
776 200000 44
780 200000 66
784 200000 24
788 200000 45
792 200000 67
796 200000 23
800 200000 47
804 200000 68
808 200000 23
812 200000 44
816 200000 66
820 200000 23
824 200000 45
828 200000 67
832 200000 23
836 200000 46
840 200000 66
844 200000 23
848 200000 45
852 200000 66
856 200000 23
860 200000 45
864 200000 67
868 200000 22
872 200000 44
876 200000 66
880 200000 23
884 200000 44
888 200000 66
892 200000 23
896 200000 45
900 200000 65
904 200000 22
908 200000 48
912 200000 70
916 200000 23
920 200000 45
924 200000 66
928 200000 23
932 200000 45
936 200000 67
940 200000 34
944 200000 54
948 200000 76
952 200000 29
956 200000 50
960 200000 72
964 200000 23
968 200000 44
972 200000 68
976 200000 36
980 200000 57
984 200000 78
988 200000 53
992 200000 99
1000 200000 30
1004 200000 51
996 200000 165
1008 200000 78
1012 200000 22
1016 200000 44
1020 200000 65
1024 200000 59
1028 200000 68
1032 200000 88
1036 200000 22
1040 200000 44
1044 200000 65
1048 200000 23
1052 200000 44
1056 200000 66
1060 200000 23
1064 200000 44
1068 200000 65
1072 200000 22
1076 200000 44
1080 200000 64
1084 200000 22
1088 200000 44
1092 200000 65
1096 200000 22
1100 200000 44
1104 200000 65
1108 200000 23
1112 200000 44
1116 200000 65
1120 200000 23
1124 200000 43
1128 200000 65
1132 200000 37
1136 200000 60
1140 200000 82
1144 200000 22
1148 200000 43
1152 200000 65
1156 200000 23
1160 200000 44
1164 200000 66
1168 200000 45
1172 200000 76
1176 200000 97
1180 200000 22
1184 200000 47
1188 200000 70
1192 200000 25
1196 200000 47
1200 200000 69
1204 200000 26
1208 200000 48
1212 200000 68
1216 200000 33
1220 200000 52
1224 200000 74
1228 200000 22
1232 200000 44
1236 200000 65
1240 200000 27
1244 200000 47
1248 200000 69
1252 200000 35
1256 200000 55
1260 200000 77
1264 200000 22
1268 200000 44
1272 200000 65
1276 200000 23
1280 200000 43
1284 200000 65
1288 200000 22
1292 200000 44
1296 200000 65
1300 200000 22
1304 200000 44
1308 200000 65
1312 200000 23
1316 200000 45
1320 200000 67
1324 200000 23
1328 200000 44
1332 200000 69
1336 200000 23
1340 200000 44
1344 200000 65
1348 200000 23
1352 200000 44
1356 200000 65
1360 200000 23
1364 200000 43
1368 200000 65
1372 200000 58
1376 200000 75
1380 200000 96
1384 200000 23
1388 200000 44
1392 200000 65
1396 200000 22
1400 200000 46
1404 200000 66
1408 200000 25
1412 200000 46
1416 200000 68
1420 200000 22
1424 200000 44
1428 200000 66
1432 200000 24
1436 200000 44
1440 200000 66
1444 200000 24
1448 200000 46
1452 200000 68
1456 200000 22
1460 200000 44
1464 200000 65
1468 200000 23
1472 200000 44
1476 200000 65
1480 200000 23
1484 200000 43
1488 200000 65
1492 200000 23
1496 200000 43
1500 200000 65
1504 200000 23
1508 200000 45
1512 200000 65
1516 200000 24
1520 200000 45
1524 200000 66
1528 200000 24
1532 200000 45
1536 200000 66
1540 200000 22
1544 200000 44
1548 200000 66
1552 200000 22
1556 200000 44
1560 200000 65
1564 200000 67
1568 200000 70
1572 200000 92
1576 200000 21
1580 200000 43
1584 200000 65
1588 200000 35
1592 200000 57
1596 200000 79
1600 200000 22
1604 200000 44
1608 200000 65
1612 200000 22
1616 200000 44
1620 200000 65
1624 200000 22
1628 200000 44
1632 200000 64
1636 200000 23
1640 200000 45
1644 200000 67
1648 200000 22
1652 200000 43
1656 200000 64
1660 200000 22
1664 200000 43
1668 200000 65
1672 200000 22
1676 200000 43
1680 200000 64
1684 200000 22
1688 200000 44
1692 200000 66
1696 200000 21
1700 200000 43
1704 200000 65
1708 200000 22
1712 200000 43
1716 200000 64
1720 200000 23
1724 200000 44
1728 200000 67
1732 200000 22
1736 200000 43
1740 200000 64
1744 200000 22
1748 200000 43
1752 200000 64
1756 200000 22
1760 200000 43
1764 200000 64
1768 200000 26
1772 200000 47
1776 200000 67
1780 200000 22
1784 200000 43
1788 200000 65
1792 200000 43
1796 200000 65
1800 200000 88
1804 200000 22
1808 200000 43
1812 200000 64
1816 200000 22
1820 200000 44
1824 200000 65
1828 200000 21
1832 200000 43
1836 200000 64
1840 200000 21
1844 200000 43
1848 200000 64
1852 200000 22
1856 200000 44
1860 200000 65
1864 200000 21
1868 200000 43
1872 200000 65
1876 200000 21
1880 200000 43
1884 200000 65
1888 200000 22
1892 200000 42
1896 200000 64
1900 200000 21
1904 200000 43
1908 200000 64
1912 200000 21
1916 200000 43
1920 200000 64
1924 200000 22
1928 200000 43
1932 200000 65
1936 200000 22
1940 200000 44
1944 200000 65
1948 200000 25
1952 200000 46
1956 200000 68
1960 200000 21
1964 200000 42
1968 200000 64
1972 200000 22
1976 200000 42
1980 200000 64
1984 200000 22
1988 200000 43
1992 200000 65
1996 200000 21
2000 200000 43
2004 200000 64
2008 200000 22
2012 200000 42
2016 200000 65
2020 200000 22
2024 200000 42
2028 200000 64
2032 200000 21
2036 200000 43
2040 200000 64
2044 200000 21
2048 200000 43
2052 200000 65
2056 200000 21
2060 200000 42
2064 200000 64
2068 200000 21
2072 200000 43
2076 200000 64
2080 200000 45
2084 200000 67
2088 200000 88
2092 200000 21
2096 200000 42
2100 200000 64
2104 200000 23
2108 200000 44
2112 200000 65
2116 200000 31
2120 200000 52
2124 200000 74
2128 200000 42
2132 200000 64
2136 200000 85
2140 200000 21
2144 200000 43
2148 200000 64
2152 200000 48
2156 200000 70
2160 200000 92
2164 200000 20
2168 200000 42
2172 200000 64
2176 200000 41
2180 200000 63
2184 200000 84
2188 200000 21
2192 200000 42
2196 200000 63
2200 200000 46
2204 200000 65
2208 200000 85
2212 200000 21
2216 200000 43
2220 200000 63
2224 200000 21
2228 200000 42
2232 200000 63
2236 200000 20
2240 200000 42
2244 200000 64
2248 200000 20
2252 200000 42
2256 200000 64
2260 200000 20
2264 200000 42
2268 200000 63
2272 200000 20
2276 200000 43
2280 200000 64
2284 200000 21
2288 200000 41
2292 200000 63
2296 200000 20
2300 200000 42
2304 200000 63
2308 200000 45
2312 200000 65
2316 200000 87
2320 200000 21
2324 200000 43
2328 200000 63
2332 200000 53
2336 200000 81
2340 200000 101
2344 200000 26
2348 200000 47
2352 200000 68
2356 200000 20
2360 200000 41
2364 200000 63
2368 200000 20
2372 200000 42
2376 200000 63
2380 200000 21
2384 200000 42
2388 200000 63
2392 200000 20
2396 200000 43
2400 200000 63
