4 130788 221
16 200000 187
28 200000 129
40 200000 56
8 0 378
20 0 276
32 30984 218
44 200000 186
12 0 507
24 0 405
36 0 348
48 0 272
52 200000 80
56 200000 102
60 159288 281
64 200000 42
68 200000 63
72 200000 84
76 200000 66
80 200000 88
84 200000 108
88 200000 41
92 200000 63
96 200000 84
100 200000 65
104 200000 86
108 200000 107
112 200000 70
116 200000 92
120 200000 113
124 200000 42
128 200000 63
132 200000 84
136 200000 66
140 200000 87
144 200000 108
148 200000 41
152 200000 63
156 200000 85
160 200000 66
164 200000 87
168 200000 109
172 200000 42
176 200000 63
180 200000 84
184 200000 66
188 200000 88
192 200000 108
196 200000 42
200 200000 63
204 200000 84
208 200000 67
212 200000 87
216 200000 109
228 200000 84
232 200000 67
236 200000 87
240 200000 109
220 200000 169
224 200000 184
248 200000 69
252 200000 90
244 200000 140
256 200000 42
260 200000 63
264 200000 84
268 200000 58
272 200000 79
276 200000 100
280 200000 42
284 200000 64
288 200000 84
292 200000 42
296 200000 64
300 200000 84
304 200000 42
308 200000 63
312 200000 85
316 200000 42
320 200000 63
324 200000 85
328 200000 42
332 200000 64
336 200000 84
340 200000 42
344 200000 63
348 200000 85
352 200000 42
356 200000 64
360 200000 84
364 200000 42
368 200000 64
372 200000 84
376 200000 43
380 200000 63
384 200000 85
388 200000 42
392 200000 64
396 200000 84
400 200000 43
404 200000 63
408 200000 85
412 200000 42
416 200000 63
420 200000 85
424 200000 43
428 200000 63
432 200000 85
436 200000 42
440 200000 64
444 200000 86
448 200000 42
452 200000 64
456 200000 84
460 200000 42
464 200000 64
468 200000 84
472 200000 47
476 200000 64
480 200000 85
484 200000 43
488 200000 63
492 200000 85
496 200000 42
500 200000 63
504 200000 86
508 200000 43
512 200000 63
516 200000 85
528 200000 85
532 200000 42
536 200000 65
540 200000 85
520 200000 172
524 200000 174
544 200000 44
548 200000 65
552 200000 85
556 200000 52
560 200000 70
564 200000 89
568 200000 59
572 200000 79
576 200000 99
580 200000 43
584 200000 63
588 200000 85
592 200000 43
596 200000 64
600 200000 85
616 200000 48
620 200000 70
624 200000 90
604 165248 204
608 198814 213
612 200000 217
628 200000 49
632 200000 67
636 200000 86
640 200000 46
644 200000 68
648 200000 88
652 200000 42
656 200000 64
660 200000 85
672 200000 85
664 200000 121
676 200000 50
668 200000 137
680 200000 79
684 200000 131
688 200000 47
692 200000 72
696 200000 102
700 200000 43
704 200000 73
708 200000 98
712 200000 43
716 200000 75
720 200000 95
724 200000 43
728 200000 72
732 200000 93
736 200000 43
740 200000 69
744 200000 104
748 200000 43
752 200000 69
756 200000 104
760 200000 43
764 200000 70
768 200000 96
772 200000 43
776 200000 68
780 200000 106
784 200000 43
788 200000 69
792 200000 93
796 200000 43
800 200000 68
804 200000 103
808 200000 45
812 200000 96
820 200000 81
832 200000 82
824 200000 196
844 200000 151
856 200000 157
868 200000 190
880 160073 216
892 160326 236
904 157921 213
916 200000 186
928 200000 160
940 200000 135
952 200000 119
964 200000 139
976 200000 108
988 200000 95
836 144648 1394
1000 200000 102
1012 200000 120
1024 200000 89
848 0 1611
1036 200000 112
1048 200000 133
1060 200000 134
1072 200000 189
1084 200000 156
1096 200000 111
860 0 2106
1108 200000 111
1120 200000 173
1132 200000 146
1144 200000 126
1156 200000 96
872 0 2509
1168 200000 111
1180 200000 104
884 0 2618
1192 200000 85
1204 200000 146
1216 200000 99
896 0 2833
1228 200000 125
1240 200000 166
1252 200000 170
1264 200000 120
1276 200000 74
908 0 3202
1288 200000 70
920 0 3215
1300 200000 94
1312 200000 112
932 0 3311
1324 200000 83
1336 200000 120
944 0 3428
1348 200000 67
956 0 3415
1360 200000 65
968 0 3407
1372 200000 68
980 0 3394
1384 200000 63
992 0 3381
1396 200000 65
1004 0 3368
1016 0 3318
1408 200000 77
1028 0 3320
1420 200000 66
1040 0 3316
1432 200000 71
1052 0 3307
1444 200000 68
1064 0 3300
1456 200000 64
1076 0 3292
1468 200000 71
1088 0 3303
1480 200000 74
1100 0 3290
1492 200000 60
1112 0 3318
1504 200000 77
1124 0 3312
1516 200000 73
1136 0 3312
1528 200000 68
1148 0 3317
1540 200000 71
1160 0 3326
1552 200000 116
1172 0 3347
1564 200000 73
1576 200000 81
1184 0 3408
1588 200000 70
1196 0 3394
1600 200000 74
1208 0 3401
1220 0 3337
1612 200000 84
1624 200000 88
1232 0 3416
1636 200000 78
1244 0 3421
1648 200000 79
1256 0 3415
1660 200000 84
1268 0 3418
1672 200000 80
1280 0 3429
1684 200000 92
1292 0 3426
1696 200000 87
1708 200000 83
1304 0 3483
1720 200000 68
1316 0 3474
1328 0 3424
1732 200000 95
1744 200000 107
1340 0 3509
1756 200000 83
1352 0 3465
1364 0 3468
1768 200000 107
1780 200000 119
1376 0 3548
1792 200000 106
1804 200000 138
1816 200000 122
1828 200000 99
1388 0 3814
1840 200000 88
1852 200000 91
1400 0 3912
1864 200000 85
1876 200000 148
1412 0 4067
1888 200000 81
1900 200000 83
1912 200000 77
1424 0 4194
1924 200000 78
1436 0 4204
1936 200000 115
1448 0 4236
1948 200000 96
1960 200000 76
1460 0 4318
1972 200000 97
1984 200000 151
1996 200000 125
1472 0 4533
2008 200000 92
2020 200000 86
2032 200000 85
1484 0 4670
2044 200000 86
1496 0 4710
2056 200000 84
1508 0 4715
2068 200000 83
1520 0 4733
2080 200000 91
2092 200000 139
2104 200000 90
1532 0 4909
2116 200000 93
1544 0 4912
2128 200000 81
1556 0 4921
2140 200000 74
2152 200000 97
1568 0 4992
2164 200000 90
2176 200000 88
1580 0 5100
2188 200000 86
1592 0 5117
2200 200000 85
2212 200000 90
1604 0 5225
2224 200000 92
2236 200000 94
1616 0 5292
2248 200000 81
1628 0 5321
2260 200000 93
2272 200000 88
1640 0 5412
2284 200000 91
1652 0 5426
2296 200000 87
2308 200000 81
1664 0 5519
2320 200000 86
2332 200000 88
1676 0 5607
2344 200000 89
2356 200000 98
1688 0 5691
2368 200000 87
2380 200000 88
1700 0 5782
2392 200000 83
1712 0 5820
1724 0 5765
1736 0 5711
1748 0 5698
1760 0 5649
1772 0 5575
1784 0 5546
1796 0 5498
1808 0 5477
1820 0 5447
1832 0 5413
1844 0 5373
1856 0 5331
1868 0 5286
1880 0 5252
1892 0 5155
1904 0 5170
1916 0 5136
1928 0 5093
1940 0 5063
1952 0 4997
1964 0 4976
1976 0 4928
1988 0 4892
2000 0 4845
2012 0 4805
2024 0 4768
2036 0 4719
2048 0 4671
2060 0 4634
2072 0 4587
2084 0 4531
2096 0 4511
2108 0 4453
2120 0 4415
2132 0 4376
2144 0 4301
2156 0 4284
2168 0 4226
2180 0 4182
2192 0 4158
2204 0 4124
2216 0 4087
2228 0 4010
2240 0 3986
2252 0 3929
2264 0 3887
2276 0 3843
2288 0 3782
2300 0 3749
2312 0 3710
2324 0 3665
2336 0 3598
2348 0 3537
2360 0 3518
2372 0 3478
2384 0 3429
2396 0 3370
816 200000 16577
828 0 16530
840 0 16499
852 0 16438
864 0 16383
876 0 16338
888 0 16289
900 0 16249
912 0 16195
924 0 16164
936 0 16094
948 0 16076
960 0 16029
972 0 15972
984 0 15921
996 0 15861
1008 0 15809
1020 0 15782
1032 0 15710
1044 0 15661
1056 0 15622
1068 0 15564
1080 0 15512
1092 0 15471
1104 0 15417
1116 0 15365
1128 0 15300
1140 0 15250
1152 0 15213
1164 0 15139
1176 0 15089
1188 0 15054
1200 0 14984
1212 0 14955
1224 0 14874
1236 0 14830
1248 0 14776
1260 0 14718
1272 0 14657
1284 0 14608
1296 0 14567
1308 0 14494
1320 0 14444
1332 0 14364
1344 0 14326
1356 0 14226
1368 0 14202
1380 0 14143
1392 0 14088
1404 0 14020
1416 0 13967
1428 0 13905
1440 0 13858
1452 0 13790
1464 0 13736
1476 0 13668
1488 0 13583
1500 0 13542
1512 0 13472
1524 0 13413
1536 0 13350
1548 0 13286
1560 0 13216
1572 0 13151
1584 0 13133
1596 0 13053
1608 0 13008
1620 0 12936
1632 0 12915
1644 0 12849
1656 0 12809
1668 0 12773
1680 0 12711
1692 0 12659
1704 0 12616
1716 0 12585
1728 0 12532
1740 0 12458
1752 0 12436
1764 0 12381
1776 0 12307
1788 0 12304
1800 0 12239
1812 0 12210
1824 0 12179
1836 0 12122
1848 0 12060
1860 0 12006
1872 0 11939
1884 0 11900
1896 0 11807
1908 0 11798
1920 0 11746
1932 0 11702
1944 0 11635
1956 0 11573
1968 0 11535
1980 0 11479
1992 0 11422
2004 0 11394
2016 0 11313
2028 0 11274
2040 0 11230
2052 0 11164
2064 0 11109
2076 0 11074
2088 0 10999
2100 0 10952
2112 0 10899
2124 0 10836
2136 0 10777
2148 0 10696
2160 0 10666
2172 0 10617
2184 0 10556
2196 0 10502
2208 0 10451
2220 0 10420
2232 0 10336
2244 0 10320
2256 0 10305
2268 0 10273
2280 0 10213
2292 0 10144
2304 0 10105
2316 0 10067
2328 0 9996
2340 0 9921
2352 0 9850
2364 0 9838
2376 0 9767
2388 0 9723
2400 0 9674
