4 14989 632
16 0 741
28 0 822
40 0 740
52 0 751
64 0 696
76 0 618
88 0 557
100 0 477
112 0 392
124 0 367
136 0 397
148 0 316
8 0 1535
20 0 1458
32 0 1379
44 0 1301
56 0 1222
104 0 927
116 0 827
160 165241 583
68 0 1649
80 0 1571
92 0 1484
128 0 1186
152 0 1012
164 0 692
172 0 824
184 0 561
208 0 351
196 0 606
220 0 531
232 0 453
244 0 470
256 0 456
268 0 306
280 0 485
292 0 407
304 0 518
316 0 438
328 0 519
340 0 469
352 0 315
364 0 524
376 0 533
388 0 537
400 0 638
412 0 695
424 0 704
436 0 690
448 0 851
460 0 938
472 0 1072
484 0 1276
496 0 1398
508 0 1577
520 0 1726
532 0 1847
544 0 2015
556 0 2109
568 0 2263
580 0 2410
592 0 2511
604 0 2634
616 0 2772
628 0 2870
640 0 3011
652 0 3112
664 0 3226
676 0 3338
688 0 3454
700 0 3533
712 0 3643
724 0 3798
736 0 3897
748 0 3986
760 0 4086
772 0 4178
784 0 4307
796 0 4381
808 0 4459
820 0 4537
832 0 4621
844 0 4743
856 0 4828
868 0 4916
880 0 5003
892 0 5079
904 0 5156
916 0 5227
928 0 5302
940 0 5372
952 0 5447
964 0 5523
976 0 5595
988 0 5662
1000 0 5729
1012 0 5796
1024 0 5849
1036 0 5928
1048 0 5991
1060 0 6055
1072 0 6107
1084 0 6174
1096 0 6230
1108 0 6283
1120 0 6309
1132 0 6367
1144 0 6436
1156 0 6507
1168 0 6577
1180 0 6622
1192 0 6675
1204 0 6716
1216 0 6761
1228 0 6816
1240 0 6843
1252 0 6911
1264 0 6948
1276 0 6997
1288 0 7013
1300 0 7089
1312 0 7114
1324 0 7165
1336 0 7209
1348 0 7247
1360 0 7295
1372 0 7324
1384 0 7364
1396 0 7393
1408 0 7439
1420 0 7482
1432 0 7519
1444 0 7561
1456 0 7575
1468 0 7622
1480 0 7662
1492 0 7688
1504 0 7731
1516 0 7761
1528 0 7790
1540 0 7822
1552 0 7853
1564 0 7883
1576 0 7907
1588 0 7935
1600 0 7966
1612 0 7996
1624 0 8021
1636 0 8050
1648 0 8077
1660 0 8098
1672 0 8128
1684 0 8151
1696 0 8171
1708 0 8201
1720 0 8219
1732 0 8247
1744 0 8268
1756 0 8288
1768 0 8314
1780 0 8331
1792 0 8355
1804 0 8373
1816 0 8395
1828 0 8415
1840 0 8433
1852 0 8455
1864 0 8469
1876 0 8490
1888 0 8511
1900 0 8527
1912 0 8545
1924 0 8551
1936 0 8579
1948 0 8587
1960 0 8610
1972 0 8624
1984 0 8643
1996 0 8655
2008 0 8676
2020 0 8690
2032 0 8698
2044 0 8717
2056 0 8730
2068 0 8746
2080 0 8759
2092 0 8772
2104 0 8783
2116 0 8797
2128 0 8813
2140 0 8820
2152 0 8837
2164 0 8848
2176 0 8859
2188 0 8873
2200 0 8880
2212 0 8895
2224 0 8905
2236 0 8914
2248 0 8918
2260 0 8933
2272 0 8941
2284 0 8953
2296 0 8962
2308 0 8969
2320 0 8981
2332 0 8985
2344 0 8990
2356 0 9000
2368 0 9010
2380 0 9014
2392 0 9019
140 0 28462
176 0 27962
188 0 27578
200 0 27684
212 0 27543
224 0 27649
236 0 27658
248 0 27603
260 0 27671
272 0 27602
284 0 27678
296 0 27687
308 0 27689
320 0 27702
332 0 27676
344 0 27714
356 0 27648
368 0 27727
380 0 27609
392 0 27715
404 0 27722
416 0 27681
428 0 27727
440 0 27664
452 0 27735
464 0 27725
476 0 27738
488 0 27740
500 0 27743
512 0 27741
524 0 27745
536 0 27736
548 0 27747
560 0 27772
572 0 27753
584 0 27775
596 0 27758
608 0 27767
620 0 27776
632 0 27782
644 0 27779
656 0 27776
668 0 27776
680 0 27769
692 0 27778
704 0 27779
716 0 27775
728 0 27776
740 0 27767
752 0 27770
764 0 27780
776 0 27759
788 0 27771
800 0 27761
812 0 27768
824 0 27752
836 0 27769
848 0 27765
860 0 27766
872 0 27764
884 0 27765
896 0 27757
908 0 27762
920 0 27747
932 0 27749
944 0 27747
956 0 27744
968 0 27742
980 0 27739
992 0 27736
1004 0 27733
1016 0 27731
1028 0 27716
1040 0 27721
1052 0 27713
1064 0 27708
1076 0 27707
1088 0 27701
1100 0 27698
1112 0 27695
1124 0 27692
1136 0 27685
1148 0 27674
1160 0 27671
1172 0 27670
1184 0 27656
1196 0 27648
1208 0 27640
1220 0 27627
1232 0 27631
1244 0 27610
1256 0 27620
1268 0 27607
1280 0 27601
1292 0 27563
1304 0 27579
1316 0 27564
1328 0 27564
1340 0 27549
1352 0 27544
1364 0 27537
1376 0 27511
1388 0 27530
1400 0 27521
1412 0 27519
1424 0 27501
1436 0 27505
1448 0 27486
1460 0 27475
1472 0 27486
1484 0 27462
1496 0 27457
1508 0 27451
1520 0 27450
1532 0 27433
1544 0 27427
1556 0 27414
1568 0 27404
1580 0 27401
1592 0 27383
1604 0 27376
1616 0 27367
1628 0 27360
1640 0 27346
1652 0 27340
1664 0 27320
1676 0 27319
1688 0 27304
1700 0 27297
1712 0 27283
1724 0 27273
1736 0 27253
1748 0 27253
1760 0 27230
1772 0 27220
1784 0 27207
1796 0 27199
1808 0 27188
1820 0 27176
1832 0 27177
1844 0 27156
1856 0 27146
1868 0 27139
1880 0 27102
1892 0 27130
1904 0 27099
1916 0 27121
1928 0 27080
1940 0 27061
1952 0 27075
1964 0 27063
1976 0 27060
1988 0 27062
2000 0 27052
2012 0 27053
2024 0 27027
2036 0 27019
2048 0 27006
2060 0 26995
2072 0 26964
2084 0 26953
2096 0 26944
2108 0 26922
2120 0 26905
2132 0 26901
2144 0 26863
2156 0 26858
2168 0 26842
2180 0 26808
2192 0 26823
2204 0 26798
2216 0 26808
2228 0 26782
2240 0 26747
2252 0 26742
2264 0 26732
2276 0 26734
2288 0 26698
2300 0 26697
2312 0 26695
2324 0 26653
2336 0 26649
2348 0 26640
2360 0 26610
2372 0 26607
2384 0 26571
2396 0 26548
12 0 47204
24 0 47148
36 0 47188
48 0 47160
60 0 47116
72 0 47115
84 0 47090
96 0 47076
108 0 47070
120 0 47014
132 0 47073
144 0 47022
156 0 47080
168 0 46810
180 0 46740
192 0 46405
204 0 46441
216 0 46263
228 0 46429
240 0 46382
252 0 46350
264 0 46358
276 0 46269
288 0 46369
300 0 46327
312 0 46393
324 0 46371
336 0 46330
348 0 46360
360 0 46238
372 0 46291
384 0 46165
396 0 46219
408 0 46234
420 0 46163
432 0 46175
444 0 46102
456 0 46141
468 0 46120
480 0 46108
492 0 46084
504 0 46108
516 0 46059
528 0 46051
540 0 46047
552 0 46003
564 0 46033
576 0 45997
588 0 45932
600 0 45959
612 0 45940
624 0 45914
636 0 45946
648 0 45885
660 0 45867
672 0 45907
684 0 45834
696 0 45956
708 0 45875
720 0 45977
732 0 45907
744 0 45834
756 0 45933
768 0 45864
780 0 45971
792 0 45889
804 0 45815
816 0 45919
828 0 45837
840 0 45945
852 0 45873
864 0 45983
876 0 46106
888 0 46006
900 0 45928
912 0 46020
924 0 46102
936 0 46213
948 0 46336
960 0 46562
972 0 46703
984 0 46915
996 0 47036
1008 0 47236
1020 0 47352
1032 0 47533
1044 0 47700
1056 0 47787
1068 0 47980
1080 0 48119
1092 0 48233
1104 0 48363
1116 0 48561
1128 0 48685
1140 0 48810
1152 0 48926
1164 0 49100
1176 0 49240
1188 0 49343
1200 0 49447
1212 0 49523
1224 0 49676
1236 0 49790
1248 0 49904
1260 0 50045
1272 0 50160
1284 0 50267
1296 0 50347
1308 0 50470
1320 0 50557
1332 0 50679
1344 0 50763
1356 0 50854
1368 0 50942
1380 0 51047
1392 0 51150
1404 0 51275
1416 0 51368
1428 0 51467
1440 0 51551
1452 0 51660
1464 0 51724
1476 0 51806
1488 0 51870
1500 0 51966
1512 0 52047
1524 0 52128
1536 0 52227
1548 0 52290
1560 0 52352
1572 0 52428
1584 0 52508
1596 0 52570
1608 0 52628
1620 0 52681
1632 0 52732
1644 0 52786
1656 0 52875
1668 0 52972
1680 0 53046
1692 0 53109
1704 0 53155
1716 0 53169
1728 0 53235
1740 0 53314
1752 0 53409
1764 0 53498
1776 0 53553
1788 0 53527
1800 0 53589
1812 0 53693
1824 0 53806
1836 0 53897
1848 0 53938
1860 0 53914
1872 0 54007
1884 0 54096
1896 0 54135
1908 0 54136
1920 0 54222
1932 0 54286
1944 0 54340
1956 0 54356
1968 0 54404
1980 0 54492
1992 0 54543
2004 0 54552
2016 0 54564
2028 0 54663
2040 0 54719
2052 0 54766
2064 0 54775
2076 0 54857
2088 0 54917
2100 0 54885
2112 0 54946
2124 0 55047
2136 0 55099
2148 0 55106
2160 0 55166
2172 0 55265
2184 0 55393
2196 0 55599
2208 0 55701
2220 0 55907
2232 0 56016
2244 0 56209
2256 0 56312
2268 0 56507
2280 0 56651
2292 0 56753
2304 0 56892
2316 0 57087
2328 0 57222
2340 0 57324
2352 0 57601
2364 0 57722
2376 0 57843
2388 0 57961
2400 0 58071
