4 39678 500
16 0 573
28 0 613
40 0 535
52 0 509
64 0 512
76 0 414
88 0 355
100 0 277
112 200000 128
124 200000 110
8 0 1342
32 0 1163
44 0 1085
56 0 1006
68 0 928
80 0 832
116 0 852
128 0 824
140 0 460
12 0 1896
136 0 685
148 0 317
160 0 337
20 0 2064
172 0 241
184 0 259
92 0 1654
104 0 1557
152 0 561
196 0 238
208 0 257
164 0 759
220 0 448
232 0 454
244 0 415
256 0 431
268 0 501
280 0 420
292 0 487
304 0 557
316 0 561
328 0 551
340 0 551
352 0 653
364 0 685
376 0 780
388 0 856
400 0 965
412 0 1047
424 0 1087
436 0 1152
448 0 1219
460 0 1230
472 0 1285
484 0 1371
496 0 1399
508 0 1457
520 0 1493
532 0 1527
544 0 1565
556 0 1597
568 0 1671
580 0 1694
592 0 1719
604 0 1746
616 0 1759
628 0 1767
640 0 1836
652 0 1858
664 0 1879
676 0 1896
688 0 1947
700 0 1990
712 0 2013
724 0 2023
736 0 2076
748 0 2050
760 0 2114
772 0 2140
784 0 2155
796 0 2224
808 0 2214
820 0 2248
832 0 2260
844 0 2297
856 0 2301
868 0 2317
880 0 2324
892 0 2342
904 0 2355
916 0 2332
928 0 2396
940 0 2418
952 0 2412
964 0 2422
976 0 2426
988 0 2437
1000 0 2442
1012 0 2439
1024 0 2460
1036 0 2440
1048 0 2414
1060 0 2454
1072 0 2469
1084 0 2478
1096 0 2451
1108 0 2465
1120 0 2480
1132 0 2467
1144 0 2473
1156 0 2482
1168 0 2488
1180 0 2480
1192 0 2481
1204 0 2477
1216 0 2490
1228 0 2469
1240 0 2466
1252 0 2483
1264 0 2494
1276 0 2466
1288 0 2484
1300 0 2481
1312 0 2470
1324 0 2470
1336 0 2466
1348 0 2457
1360 0 2449
1372 0 2476
1384 0 2456
1396 0 2461
1408 0 2456
1420 0 2452
1432 0 2456
1444 0 2459
1456 0 2454
1468 0 2443
1480 0 2434
1492 0 2434
1504 0 2433
1516 0 2425
1528 0 2423
1540 0 2412
1552 0 2405
1564 0 2391
1576 0 2394
1588 0 2386
1600 0 2379
1612 0 2368
1624 0 2364
1636 0 2355
1648 0 2346
1660 0 2347
1672 0 2344
1684 0 2333
1696 0 2332
1708 0 2328
1720 0 2311
1732 0 2321
1744 0 2315
1756 0 2306
1768 0 2305
1780 0 2301
1792 0 2296
1804 0 2287
1816 0 2289
1828 0 2289
1840 0 2293
1852 0 2285
1864 0 2272
1876 0 2286
1888 0 2278
1900 0 2286
1912 0 2289
1924 0 2258
1936 0 2287
1948 0 2275
1960 0 2288
1972 0 2281
1984 0 2284
1996 0 2287
2008 0 2281
2020 0 2268
2032 0 2290
2044 0 2295
2056 0 2264
2068 0 2275
2080 0 2264
2092 0 2279
2104 0 2284
2116 0 2278
2128 0 2275
2140 0 2303
2152 0 2279
2164 0 2297
2176 0 2281
2188 0 2256
2200 0 2276
2212 0 2266
2224 0 2280
2236 0 2269
2248 0 2284
2260 0 2267
2272 0 2279
2284 0 2245
2296 0 2261
2308 0 2270
2320 0 2253
2332 0 2244
2344 0 2244
2356 0 2260
2368 0 2253
2380 0 2269
2392 0 2260
176 0 20721
188 0 20729
200 0 20625
212 0 20731
224 0 20606
236 0 20705
248 0 20601
260 0 20689
272 0 20693
284 0 20696
296 0 20704
308 0 20692
320 0 20632
332 0 20704
344 0 20663
356 0 20697
368 0 20668
380 0 20703
392 0 20680
404 0 20681
416 0 20698
428 0 20682
440 0 20664
452 0 20665
464 0 20628
476 0 20642
488 0 20640
500 0 20619
512 0 20621
524 0 20604
536 0 20609
548 0 20590
560 0 20609
572 0 20600
584 0 20589
596 0 20573
608 0 20561
620 0 20575
632 0 20525
644 0 20541
656 0 20539
668 0 20548
680 0 20514
692 0 20510
704 0 20485
716 0 20492
728 0 20500
740 0 20488
752 0 20487
764 0 20469
776 0 20467
788 0 20448
800 0 20448
812 0 20429
824 0 20427
836 0 20410
848 0 20407
860 0 20386
872 0 20374
884 0 20367
896 0 20358
908 0 20345
920 0 20322
932 0 20335
944 0 20309
956 0 20281
968 0 20281
980 0 20281
992 0 20262
1004 0 20255
1016 0 20226
1028 0 20206
1040 0 20195
1052 0 20149
1064 0 20168
1076 0 20179
1088 0 20157
1100 0 20144
1112 0 20129
1124 0 20130
1136 0 20109
1148 0 20106
1160 0 20085
1172 0 20081
1184 0 20058
1196 0 20052
1208 0 20020
1220 0 19997
1232 0 19982
1244 0 19978
1256 0 19956
1268 0 19936
1280 0 19907
1292 0 19922
1304 0 19891
1316 0 19870
1328 0 19855
1340 0 19848
1352 0 19827
1364 0 19796
1376 0 19805
1388 0 19779
1400 0 19779
1412 0 19762
1424 0 19740
1436 0 19736
1448 0 19710
1460 0 19714
1472 0 19684
1484 0 19656
1496 0 19619
1508 0 19615
1520 0 19605
1532 0 19594
1544 0 19569
1556 0 19563
1568 0 19534
1580 0 19501
1592 0 19508
1604 0 19488
1616 0 19457
1628 0 19431
1640 0 19414
1652 0 19403
1664 0 19372
1676 0 19356
1688 0 19316
1700 0 19321
1712 0 19296
1724 0 19264
1736 0 19260
1748 0 19243
1760 0 19225
1772 0 19193
1784 0 19205
1796 0 19198
1808 0 19156
1820 0 19118
1832 0 19126
1844 0 19080
1856 0 19048
1868 0 19034
1880 0 19025
1892 0 18992
1904 0 18979
1916 0 18952
1928 0 18921
1940 0 18915
1952 0 18905
1964 0 18874
1976 0 18823
1988 0 18818
2000 0 18786
2012 0 18733
2024 0 18737
2036 0 18740
2048 0 18692
2060 0 18651
2072 0 18639
2084 0 18599
2096 0 18571
2108 0 18571
2120 0 18535
2132 0 18495
2144 0 18484
2156 0 18468
2168 0 18436
2180 0 18406
2192 0 18374
2204 0 18361
2216 0 18286
2228 0 18313
2240 0 18252
2252 0 18236
2264 0 18202
2276 0 18177
2288 0 18121
2300 0 18115
2312 0 18086
2324 0 18041
2336 0 18023
2348 0 17956
2360 0 17977
2372 0 17954
2384 0 17912
2396 0 17882
24 0 38331
36 0 38262
48 0 38242
60 0 38177
72 0 38143
84 0 38101
96 0 38111
108 0 38066
120 0 37939
132 0 38010
144 0 37676
156 0 37422
168 0 37465
180 0 37259
192 0 37332
204 0 37204
216 0 37256
228 0 37142
240 0 37223
252 0 37062
264 0 37123
276 0 37134
288 0 37074
300 0 37033
312 0 37023
324 0 36921
336 0 36942
348 0 36895
360 0 36911
372 0 36833
384 0 36832
396 0 36789
408 0 36761
420 0 36735
432 0 36681
444 0 36642
456 0 36641
468 0 36577
480 0 36557
492 0 36522
504 0 36527
516 0 36506
528 0 36458
540 0 36408
552 0 36378
564 0 36371
576 0 36347
588 0 36284
600 0 36284
612 0 36224
624 0 36184
636 0 36111
648 0 36156
672 0 36043
660 0 36297
684 0 36268
696 0 36344
708 0 36466
720 0 36600
732 0 36695
744 0 36807
756 0 36878
768 0 36998
780 0 37113
792 0 37169
804 0 37280
816 0 37345
828 0 37413
840 0 37471
852 0 37567
864 0 37620
876 0 37713
888 0 37773
900 0 37827
912 0 37893
924 0 37946
936 0 38016
948 0 38054
960 0 38166
972 0 38249
984 0 38326
996 0 38368
1008 0 38402
1020 0 38433
1032 0 38473
1044 0 38567
1056 0 38618
1068 0 38691
1080 0 38728
1092 0 38799
1104 0 38820
1116 0 38912
1128 0 38951
1140 0 38978
1152 0 39037
1164 0 39072
1176 0 39141
1188 0 39171
1200 0 39197
1212 0 39221
1224 0 39258
1236 0 39315
1248 0 39373
1260 0 39410
1272 0 39438
1284 0 39462
1296 0 39498
1308 0 39531
1320 0 39552
1332 0 39553
1344 0 39577
1356 0 39597
1368 0 39630
1380 0 39670
1392 0 39713
1404 0 39752
1416 0 39747
1428 0 39782
1440 0 39817
1452 0 39799
1464 0 39820
1476 0 39849
1488 0 39883
1500 0 39958
1512 0 39982
1524 0 40002
1536 0 40014
1548 0 40023
1560 0 40056
1572 0 40069
1584 0 40085
1596 0 40095
1608 0 40093
1620 0 40122
1632 0 40162
1644 0 40168
1656 0 40169
1668 0 40232
1680 0 40268
1692 0 40248
1704 0 40282
1716 0 40305
1728 0 40319
1740 0 40328
1752 0 40300
1764 0 40354
1776 0 40369
1788 0 40348
1800 0 40379
1812 0 40406
1824 0 40416
1836 0 40368
1848 0 40426
1860 0 40481
1872 0 40557
1884 0 40627
1896 0 40768
1908 0 40838
1920 0 40965
1932 0 41041
1944 0 41124
1956 0 41238
1968 0 41307
1980 0 41356
1992 0 41456
2004 0 41524
2016 0 41588
2028 0 41648
2040 0 41712
2052 0 41806
2064 0 41866
2076 0 41926
2088 0 41958
2100 0 42004
2112 0 42104
2124 0 42141
2136 0 42209
2148 0 42280
2160 0 42363
2172 0 42427
2184 0 42463
2196 0 42503
2208 0 42593
2220 0 42620
2232 0 42679
2244 0 42714
2256 0 42776
2268 0 42813
2280 0 42883
2292 0 42919
2304 0 42989
2316 0 43058
2328 0 43125
2340 0 43187
2352 0 43228
2364 0 43317
2376 0 43372
2388 0 43454
2400 0 43549
