4 45410 357
16 0 397
28 0 424
40 0 334
52 0 284
64 131074 210
76 200000 114
8 0 764
20 0 686
88 200000 106
32 0 655
44 0 566
56 0 499
68 0 422
100 0 244
80 0 494
92 0 389
104 0 295
12 0 1175
24 0 1095
36 0 1014
112 200000 479
72 0 1197
84 0 1087
96 0 968
108 0 863
124 200000 95
128 200000 116
132 200000 137
136 200000 370
116 200000 877
140 200000 379
48 0 1772
60 0 1684
120 54222 889
144 200000 392
148 200000 74
152 200000 94
156 200000 115
160 200000 96
172 200000 76
164 200000 152
176 96383 230
168 0 311
180 0 272
184 200000 82
188 200000 104
196 200000 141
200 200000 162
192 199943 203
204 200000 184
208 65422 213
212 0 233
216 0 255
220 200000 83
224 200000 105
232 200000 105
236 96148 260
228 170297 302
240 0 284
244 200000 75
248 200000 96
252 200000 117
256 200000 98
260 200000 120
268 0 245
272 0 266
264 155140 346
276 0 293
280 200000 88
284 200000 109
292 196321 232
304 200000 84
308 200000 106
316 5156 215
328 200000 174
296 0 499
340 200000 175
320 0 377
332 0 338
352 200000 165
364 200000 171
344 0 354
376 200000 177
356 0 341
388 200000 108
400 200000 138
368 0 440
412 200000 80
380 0 373
392 0 257
424 200000 66
404 0 301
416 59985 246
436 200000 70
428 200000 188
448 200000 76
440 200000 161
452 200000 108
288 62166 1487
300 0 1456
312 166496 1241
460 200000 103
464 200000 125
324 0 1308
472 200000 106
476 200000 150
336 0 1370
484 200000 81
488 200000 130
496 200000 75
500 200000 107
348 0 1414
508 200000 85
512 200000 106
360 0 1352
520 200000 82
524 200000 114
372 0 1431
532 200000 79
536 200000 119
384 0 1406
544 200000 76
548 200000 144
396 0 1369
556 200000 74
560 200000 135
408 0 1463
568 200000 85
572 200000 120
580 200000 110
584 200000 130
420 0 1534
592 200000 93
596 200000 152
432 0 1563
604 200000 77
616 200000 93
608 196068 201
628 200000 93
640 200000 93
620 200000 298
632 156806 234
652 200000 81
664 200000 104
676 200000 115
644 88619 413
688 175416 210
700 159693 259
712 111011 267
724 63349 273
736 17301 308
748 0 328
760 0 339
772 0 387
784 0 409
796 0 442
808 0 441
820 0 471
832 0 480
844 0 502
856 0 534
868 0 528
880 0 521
892 0 520
904 0 519
916 0 532
928 0 538
940 0 532
952 0 523
964 0 531
976 0 539
988 0 532
1000 0 568
1012 0 556
1024 0 541
1036 0 519
1048 0 513
1060 0 500
1072 0 509
1084 0 501
1096 0 511
1108 0 535
1120 0 514
1132 0 494
1144 0 462
1156 0 463
1168 0 435
1180 0 415
1192 0 388
1204 0 390
1216 0 415
1228 0 408
1240 0 370
1252 0 380
1264 0 362
1276 0 338
1288 0 312
1300 0 281
1312 28693 251
1324 47858 239
1336 89356 226
1348 89597 242
1360 118408 278
1372 103280 251
1384 200000 149
1396 170135 205
1408 200000 193
1420 200000 164
1432 200000 182
1444 200000 193
1456 191808 203
1468 200000 169
1480 200000 162
1492 200000 128
1504 200000 123
1516 200000 143
1528 200000 135
656 0 7453
1540 200000 121
1552 200000 120
1564 200000 119
1576 200000 131
668 0 7742
1588 200000 128
1600 200000 121
1612 200000 118
680 0 7932
1624 200000 117
1636 200000 112
1648 200000 112
692 0 8124
1660 200000 112
1672 200000 105
1684 200000 102
704 0 8313
1696 200000 132
1708 200000 138
1720 200000 120
1732 200000 115
716 0 8620
1744 200000 142
1756 200000 151
1768 200000 133
1780 200000 115
728 0 8939
1792 200000 116
1804 200000 115
1816 200000 122
740 0 9134
1828 200000 121
1840 200000 116
1852 200000 108
752 0 9317
1864 200000 109
1876 200000 127
764 0 9441
1888 200000 110
1900 200000 124
776 0 9556
1912 200000 127
1924 200000 129
1936 200000 124
788 0 9767
1948 200000 136
1960 200000 132
1972 200000 120
1984 200000 133
800 0 10038
1996 200000 132
2008 200000 130
812 0 10170
2020 200000 131
2032 200000 130
2044 200000 131
2056 200000 131
824 0 10454
2068 200000 131
2080 200000 134
2092 200000 116
836 0 10655
2104 200000 118
2116 200000 121
2128 200000 122
2140 200000 125
848 0 10943
2152 200000 115
2164 200000 129
860 0 11056
2176 200000 124
2188 200000 131
2200 200000 119
872 0 11253
2212 200000 115
2224 200000 119
2236 200000 122
2248 200000 118
884 0 11535
2260 200000 115
2272 200000 128
2284 200000 138
896 0 11747
2296 200000 141
908 0 11799
2308 200000 141
2320 200000 145
2332 200000 146
2344 200000 162
2356 200000 124
2368 200000 150
920 0 12250
2380 200000 126
2392 200000 145
932 0 12411
944 0 12386
956 0 12386
968 0 12367
980 0 12340
992 0 12326
1004 0 12312
1016 0 12301
1028 0 12271
1040 0 12228
1052 0 12208
1064 0 12189
1076 0 12178
1088 0 12139
1100 0 12103
1112 0 12087
1124 0 12060
1136 0 12018
1148 0 11964
1160 0 11995
1172 0 11938
1184 0 11951
1196 0 11927
1208 0 11911
1220 0 11864
1232 0 11887
1244 0 11820
1256 0 11812
1268 0 11796
1280 0 11781
1292 0 11769
1304 0 11732
1316 0 11692
1328 0 11707
1340 0 11667
1352 0 11640
1364 0 11614
1376 0 11575
1388 0 11491
1400 0 11556
1412 0 11529
1424 0 11504
1436 0 11474
1448 0 11457
1460 0 11430
1472 0 11405
1484 0 11373
1496 0 11351
1508 0 11354
1520 0 11328
1532 0 11294
1544 0 11270
1556 0 11254
1568 0 11229
1580 0 11208
1592 0 11161
1604 0 11143
1616 0 11118
1628 0 11101
1640 0 11074
1652 0 11077
1664 0 11054
1676 0 11021
1688 0 11002
1700 0 10973
1712 0 10947
1724 0 10910
1736 0 10886
1748 0 10864
1760 0 10829
1772 0 10801
1784 0 10765
1796 0 10750
1808 0 10716
1820 0 10674
1832 0 10649
1844 0 10647
1856 0 10591
1868 0 10550
1880 0 10540
1892 0 10502
1904 0 10459
1916 0 10430
1928 0 10388
1940 0 10370
1952 0 10322
1964 0 10322
1976 0 10286
1988 0 10273
2000 0 10212
2012 0 10162
2024 0 10104
2036 0 10130
2048 0 10096
2060 0 10049
2072 0 10011
2084 0 10007
2096 0 9938
2108 0 9932
2120 0 9894
2132 0 9878
2144 0 9827
2156 0 9809
2168 0 9782
2180 0 9714
2192 0 9670
2204 0 9667
2216 0 9622
2228 0 9587
2240 0 9533
2252 0 9547
2264 0 9468
2276 0 9487
2288 0 9431
2300 0 9392
2312 0 9312
2324 0 9327
2336 0 9245
2348 0 9296
2372 0 9175
2360 0 9287
2384 0 9167
2396 0 9183
444 0 25490
456 0 25494
468 0 25476
480 0 25458
492 0 25413
504 0 25397
516 0 25381
528 0 25376
540 0 25370
552 0 25428
564 0 25394
576 0 25373
588 0 25342
600 0 25324
612 0 25289
624 0 25299
636 0 25338
648 0 25313
660 0 25287
672 0 25268
684 0 25273
696 0 25243
708 0 25234
720 0 25217
732 0 25224
744 0 25225
756 0 25180
768 0 25178
780 0 25177
792 0 25124
804 0 25159
816 0 25147
828 0 25112
840 0 25077
852 0 25042
864 0 25021
876 0 25019
888 0 25016
900 0 24985
912 0 24949
924 0 24932
936 0 24886
948 0 24866
960 0 24913
972 0 24888
984 0 24846
996 0 24809
1008 0 24808
1020 0 24850
1032 0 24817
1044 0 24758
1056 0 24748
1068 0 24728
1080 0 24692
1092 0 24662
1104 0 24647
1116 0 24628
1128 0 24566
1140 0 24591
1152 0 24552
1164 0 24533
1176 0 24507
1188 0 24539
1200 0 24478
1212 0 24463
1224 0 24421
1236 0 24374
1248 0 24320
1260 0 24306
1272 0 24261
1284 0 24238
1296 0 24205
1308 0 24168
1320 0 24134
1332 0 24079
1344 0 24044
1356 0 24008
1368 0 23972
1380 0 23917
1392 0 23824
1404 0 23844
1416 0 23803
1428 0 23760
1440 0 23711
1452 0 23682
1464 0 23630
1476 0 23600
1488 0 23558
1500 0 23510
1512 0 23468
1524 0 23429
1536 0 23421
1548 0 23343
1560 0 23394
1572 0 23359
1584 0 23303
1596 0 23251
1608 0 23213
1620 0 23180
1632 0 23135
1644 0 23124
1656 0 23156
1668 0 23086
1680 0 23063
1692 0 23013
1704 0 22994
1716 0 23024
1728 0 22942
1740 0 22916
1752 0 22882
1764 0 22822
1776 0 22778
1788 0 22731
1800 0 22704
1812 0 22641
1824 0 22611
1836 0 22561
1848 0 22502
1860 0 22463
1872 0 22404
1884 0 22400
1896 0 22417
1908 0 22419
1920 0 22404
1932 0 22436
1944 0 22486
1956 0 22466
1968 0 22501
1980 0 22515
1992 0 22520
2004 0 22513
2016 0 22519
2028 0 22523
2040 0 22564
2052 0 22570
2064 0 22586
2076 0 22562
2088 0 22629
2100 0 22606
2112 0 22575
2124 0 22599
2136 0 22567
2148 0 22569
2160 0 22568
2172 0 22562
2184 0 22541
2196 0 22524
2208 0 22536
2220 0 22500
2232 0 22507
2244 0 22473
2256 0 22465
2268 0 22426
2280 0 22438
2292 0 22432
2304 0 22366
2316 0 22318
2328 0 22362
2340 0 22326
2352 0 22348
2364 0 22294
2376 0 22315
2388 0 22288
2400 0 22349
