4 200000 54
8 200000 86
12 200000 98
16 200000 19
20 200000 38
24 200000 55
28 200000 56
32 200000 74
36 200000 90
40 200000 19
44 200000 36
48 200000 54
52 200000 25
56 200000 43
60 200000 61
64 200000 21
68 200000 39
72 200000 56
76 200000 51
80 200000 83
84 200000 100
88 200000 19
92 200000 37
96 200000 56
100 200000 25
104 200000 43
108 200000 60
112 200000 44
116 200000 71
120 200000 87
124 200000 19
128 200000 38
132 200000 54
136 200000 24
140 200000 42
144 200000 59
148 200000 23
152 200000 43
156 200000 61
160 200000 40
164 200000 58
168 200000 75
172 200000 19
176 200000 43
180 200000 56
184 200000 53
188 200000 76
192 200000 94
196 200000 19
200 200000 36
204 200000 54
208 200000 27
212 200000 47
216 200000 64
220 200000 20
224 200000 37
228 200000 54
232 200000 30
236 200000 49
240 200000 68
244 200000 19
248 200000 36
252 200000 54
256 200000 27
260 200000 44
264 200000 62
268 200000 19
272 200000 37
276 200000 54
280 200000 22
284 200000 42
288 200000 59
292 200000 20
296 200000 38
300 200000 55
304 200000 29
308 200000 49
312 200000 66
316 200000 21
320 200000 37
324 200000 55
328 200000 23
332 200000 40
336 200000 59
340 200000 22
344 200000 40
348 200000 58
352 200000 27
356 200000 45
360 200000 64
364 200000 24
368 200000 43
372 200000 61
376 200000 25
380 200000 44
384 200000 64
388 200000 23
392 200000 43
396 200000 61
400 200000 26
404 200000 47
408 200000 65
412 200000 21
416 200000 40
420 200000 60
424 200000 27
428 200000 49
432 200000 68
436 200000 38
440 200000 58
444 200000 75
448 200000 23
452 200000 36
456 200000 54
460 200000 54
464 200000 86
468 200000 105
472 200000 24
476 200000 42
480 200000 61
484 200000 22
488 200000 41
492 200000 59
496 200000 24
500 200000 42
504 200000 61
508 200000 22
512 200000 42
516 200000 59
520 200000 27
524 200000 48
528 200000 65
532 200000 20
536 200000 38
540 200000 56
544 200000 27
548 200000 50
552 200000 69
556 200000 58
560 200000 112
564 200000 167
568 200000 123
572 200000 179
576 71637 235
580 200000 193
584 28504 247
588 0 304
592 0 261
596 0 315
600 0 371
604 0 329
608 0 384
612 0 440
616 0 397
620 0 452
624 0 508
628 0 464
632 0 522
636 0 577
640 0 534
644 0 589
648 0 644
652 0 600
656 0 658
660 0 712
664 0 668
668 0 725
672 0 781
676 0 738
680 0 793
684 0 849
688 0 807
692 0 861
696 0 916
700 0 874
704 0 930
708 0 986
712 0 943
716 0 998
720 0 1054
724 0 1012
728 0 1066
732 0 1123
736 0 1081
740 0 1134
744 0 1190
748 0 1146
752 0 1202
756 0 1261
760 0 1214
764 0 1269
768 0 1325
772 0 1281
776 0 1337
780 0 1393
784 0 1350
788 0 1407
792 0 1461
796 0 1417
800 0 1474
804 0 1528
808 0 1491
812 0 1547
816 0 1603
820 0 1559
824 0 1614
828 0 1670
832 0 1625
836 0 1681
840 0 1736
844 0 1692
848 0 1747
852 0 1803
856 0 1760
860 0 1814
864 0 1872
868 0 1827
872 0 1882
876 0 1938
880 0 1896
884 0 1949
888 0 2004
892 0 1961
896 0 2016
900 0 2072
904 0 2029
908 0 2084
912 0 2140
916 0 2076
920 0 2109
924 0 2143
928 0 2077
932 0 2110
936 0 2141
940 0 2077
944 0 2109
948 0 2141
952 0 2077
956 0 2109
960 0 2144
964 0 2078
968 0 2108
972 0 2145
976 0 2079
980 0 2112
984 0 2145
988 0 2080
992 0 2112
996 0 2149
1000 0 2086
1004 0 2123
1008 0 2160
1012 0 2099
1016 0 2129
1020 0 2165
1024 0 2103
1028 0 2141
1032 0 2171
1036 0 2108
1040 0 2141
1044 0 2178
1048 0 2110
1052 0 2150
1056 0 2180
1060 0 2121
1064 0 2152
1068 0 2190
1072 0 2124
1076 0 2156
1080 0 2196
1084 0 2130
1088 0 2168
1092 0 2201
1096 0 2135
1100 0 2167
1104 0 2208
1108 0 2142
1112 0 2174
1116 0 2207
1120 0 2155
1124 0 2186
1128 0 2220
1132 0 2152
1136 0 2187
1140 0 2236
1144 0 2173
1148 0 2206
1152 0 2243
1156 0 2178
1160 0 2214
1164 0 2271
1168 0 2196
1172 0 2237
1176 0 2271
1180 0 2201
1184 0 2237
1188 0 2272
1192 0 2208
1196 0 2246
1200 0 2281
1204 0 2210
1208 0 2240
1212 0 2277
1216 0 2216
1220 0 2247
1224 0 2284
1228 0 2228
1232 0 2268
1236 0 2306
1240 0 2226
1244 0 2256
1248 0 2295
1252 0 2236
1256 0 2277
1260 0 2308
1264 0 2252
1268 0 2284
1272 0 2318
1276 0 2260
1280 0 2292
1284 0 2326
1288 0 2251
1292 0 2291
1296 0 2325
1300 0 2266
1304 0 2300
1308 0 2345
1312 0 2287
1316 0 2331
1320 0 2356
1324 0 2293
1328 0 2342
1332 0 2377
1336 0 2309
1340 0 2344
1344 0 2380
1348 0 2310
1352 0 2347
1356 0 2382
1360 0 2309
1364 0 2363
1368 0 2402
1372 0 2358
1376 0 2397
1380 0 2437
1384 0 2358
1388 0 2399
1392 0 2438
1396 0 2385
1400 0 2423
1404 0 2459
1408 0 2399
1412 0 2436
1416 0 2474
1420 0 2414
1424 0 2453
1428 0 2492
1432 0 2438
1436 0 2481
1440 0 2523
1444 0 2461
1448 0 2504
1452 0 2529
1456 0 2478
1460 0 2520
1464 0 2573
1468 0 2502
1472 0 2548
1476 0 2618
1480 0 2561
1484 0 2614
1488 0 2671
1492 0 2639
1496 0 2695
1500 0 2749
1504 0 2689
1508 0 2744
1512 0 2799
1516 0 2757
1520 0 2813
1524 0 2868
1528 0 2820
1532 0 2875
1536 0 2930
1540 0 2905
1544 0 2961
1548 0 3015
1552 0 2960
1556 0 3015
1560 0 3070
1564 0 3015
1568 0 3070
1572 0 3125
1576 0 3094
1580 0 3149
1584 0 3203
1588 0 3166
1592 0 3221
1596 0 3276
1600 0 3249
1604 0 3304
1608 0 3359
1612 0 3283
1616 0 3338
1620 0 3393
1624 0 3350
1628 0 3405
1632 0 3459
1636 0 3412
1640 0 3467
1644 0 3521
1648 0 3505
1652 0 3560
1656 0 3614
1660 0 3554
1664 0 3609
1668 0 3663
1672 0 3641
1676 0 3695
1680 0 3750
1684 0 3688
1688 0 3743
1692 0 3797
1696 0 3741
1700 0 3796
1704 0 3853
1708 0 3834
1712 0 3887
1716 0 3942
1720 0 3877
1724 0 3932
1728 0 3987
1732 0 3957
1736 0 4012
1740 0 4066
1744 0 4035
1748 0 4089
1752 0 4144
1756 0 4068
1760 0 4122
1764 0 4176
1768 0 4147
1772 0 4204
1776 0 4255
1780 0 4229
1784 0 4284
1788 0 4338
1792 0 4297
1796 0 4350
1800 0 4405
1804 0 4361
1808 0 4415
1812 0 4472
1816 0 4440
1820 0 4493
1824 0 4548
1828 0 4504
1832 0 4558
1836 0 4612
1840 0 4563
1844 0 4611
1848 0 4662
1852 0 4609
1856 0 4658
1860 0 4706
1864 0 4656
1868 0 4710
1872 0 4756
1876 0 4700
1880 0 4746
1884 0 4790
1888 0 4735
1892 0 4785
1896 0 4830
1900 0 4772
1904 0 4826
1908 0 4874
1912 0 4822
1916 0 4868
1920 0 4916
1924 0 4864
1928 0 4913
1932 0 4959
1936 0 4908
1940 0 4960
1944 0 5005
1948 0 4947
1952 0 4987
1956 0 5038
1960 0 4991
1964 0 5035
1968 0 5065
1972 0 5014
1976 0 5054
1980 0 5103
1984 0 5043
1988 0 5094
1992 0 5128
1996 0 5079
2000 0 5113
2004 0 5153
2008 0 5106
2012 0 5140
2016 0 5180
2020 0 5135
2024 0 5170
2028 0 5209
2032 0 5158
2036 0 5195
2040 0 5232
2044 0 5172
2048 0 5209
2052 0 5260
2056 0 5193
2060 0 5231
2064 0 5265
2068 0 5198
2072 0 5232
2076 0 5281
2080 0 5224
2084 0 5248
2088 0 5284
2092 0 5215
2096 0 5253
2100 0 5276
2104 0 5213
2108 0 5242
2112 0 5272
2116 0 5207
2120 0 5249
2124 0 5282
2128 0 5217
2132 0 5250
2136 0 5281
2140 0 5214
2144 0 5247
2148 0 5278
2152 0 5211
2156 0 5246
2160 0 5273
2164 0 5205
2168 0 5236
2172 0 5256
2176 0 5190
2180 0 5220
2184 0 5249
2188 0 5180
2192 0 5211
2196 0 5241
2200 0 5175
2204 0 5205
2208 0 5233
2212 0 5163
2216 0 5194
2220 0 5223
2224 0 5141
2228 0 5169
2232 0 5194
2236 0 5122
2240 0 5147
2244 0 5172
2248 0 5099
2252 0 5122
2256 0 5140
2260 0 5065
2264 0 5089
2268 0 5114
2272 0 5037
2276 0 5059
2280 0 5075
2284 0 4999
2288 0 5020
2292 0 5048
2296 0 4967
2300 0 4991
2304 0 5008
2308 0 4930
2312 0 4951
2316 0 4972
2320 0 4895
2324 0 4912
2328 0 4933
2332 0 4854
2336 0 4872
2340 0 4891
2344 0 4811
2348 0 4830
2352 0 4848
2356 0 4775
2360 0 4791
2364 0 4809
2368 0 4731
2372 0 4744
2376 0 4762
2380 0 4689
2384 0 4705
2388 0 4723
2392 0 4642
2396 0 4661
2400 0 4679
