4 200000 194
16 200000 118
28 200000 66
20 200000 164
32 200000 109
24 137655 206
40 200000 60
36 200000 173
44 200000 87
48 200000 179
8 0 493
12 0 513
52 200000 62
56 200000 83
60 200000 104
64 200000 89
68 200000 110
72 200000 131
76 200000 43
80 200000 64
84 200000 86
88 200000 69
92 200000 90
96 200000 112
100 200000 43
104 200000 65
108 200000 85
112 200000 69
116 200000 90
120 200000 111
124 200000 45
128 200000 64
132 200000 86
136 200000 69
140 200000 90
144 200000 111
148 200000 46
152 200000 68
156 200000 88
160 200000 43
164 200000 65
168 200000 85
172 200000 43
176 200000 64
180 200000 85
184 200000 43
188 200000 65
192 200000 85
196 200000 43
200 200000 64
204 200000 85
208 200000 43
212 200000 64
216 200000 85
220 200000 43
224 200000 65
228 200000 85
232 200000 43
236 200000 64
240 200000 85
244 200000 43
248 200000 64
252 200000 85
256 200000 46
260 200000 64
264 200000 85
268 200000 45
272 200000 66
276 200000 87
292 200000 70
296 200000 90
300 200000 112
280 200000 252
312 200000 91
316 200000 74
320 200000 95
324 200000 116
304 185904 265
284 200000 474
336 200000 93
340 200000 76
344 200000 97
348 200000 119
328 200000 169
332 200000 172
308 200000 390
288 200000 600
352 200000 48
356 200000 65
360 200000 86
364 200000 69
368 200000 90
372 200000 115
376 200000 76
380 200000 97
384 200000 118
396 200000 89
400 200000 69
404 200000 91
408 200000 111
412 200000 59
416 200000 80
388 193650 399
432 200000 94
424 200000 172
436 200000 143
428 200000 186
440 189675 201
448 200000 97
460 200000 83
452 200000 140
464 200000 128
472 200000 58
476 200000 168
484 200000 163
496 200000 169
508 200000 155
520 200000 149
532 200000 142
544 200000 115
556 200000 134
568 200000 113
580 200000 154
592 200000 119
604 200000 126
616 200000 143
628 200000 104
640 200000 97
652 200000 95
656 200000 146
664 200000 112
676 200000 70
680 200000 126
688 200000 83
692 200000 151
700 200000 132
704 200000 190
712 200000 123
724 200000 137
736 200000 89
740 200000 140
748 200000 126
760 200000 126
764 200000 183
772 200000 105
784 200000 93
776 176659 203
796 200000 99
800 200000 145
808 200000 104
820 200000 155
832 200000 103
836 200000 157
844 200000 104
848 200000 148
856 200000 102
860 200000 148
868 200000 95
872 200000 137
880 200000 81
884 200000 124
892 200000 69
896 200000 113
904 200000 67
908 200000 112
916 200000 66
920 200000 126
928 200000 117
932 200000 158
940 200000 85
944 200000 127
952 200000 90
956 200000 169
964 200000 155
976 200000 174
988 200000 154
1000 200000 142
1012 200000 137
1024 200000 100
1036 200000 87
1048 200000 110
1060 200000 89
1064 200000 159
1072 200000 118
1084 200000 122
1096 200000 150
1108 200000 118
1120 200000 106
1132 200000 115
1144 200000 85
1156 200000 150
1168 200000 135
1180 200000 175
1192 200000 136
1204 200000 110
1208 200000 171
1216 200000 149
1228 200000 153
1240 200000 133
1252 200000 93
1256 200000 166
1264 200000 130
1276 200000 126
1288 200000 91
1292 200000 143
1300 200000 95
1304 200000 146
1312 200000 92
1316 200000 144
1324 200000 95
1336 200000 89
1340 200000 173
1348 200000 115
1352 200000 170
1360 200000 130
1372 200000 89
1376 200000 148
1384 200000 117
1396 200000 125
1408 200000 128
1420 200000 80
1424 200000 144
1432 200000 100
1444 200000 78
1448 200000 195
1456 200000 146
1460 200000 191
1468 200000 143
1480 200000 99
1484 200000 154
1492 200000 100
1504 200000 80
1496 182210 206
1516 200000 103
1520 200000 165
1528 200000 106
1532 200000 163
1540 200000 128
1552 200000 90
1556 200000 150
1564 200000 106
1568 200000 166
1576 200000 124
1580 200000 182
1588 200000 139
1600 200000 104
1604 200000 170
1612 200000 141
1624 200000 94
1628 200000 169
1636 200000 91
1648 200000 75
1640 200000 188
1652 200000 174
1660 200000 114
1672 200000 91
1664 132972 213
1684 200000 102
1688 200000 155
1696 200000 125
1700 200000 190
1708 200000 127
1720 200000 133
1732 200000 133
1736 200000 174
1744 200000 124
1748 200000 197
1756 200000 133
1768 200000 126
1772 200000 172
1780 200000 127
1792 200000 97
1796 200000 167
1804 200000 118
1816 200000 92
1820 200000 177
1828 200000 123
1840 200000 89
1852 200000 95
1844 135039 221
1864 200000 93
1868 200000 155
1876 200000 113
1880 200000 176
1888 200000 131
1892 200000 193
1900 200000 157
1904 190250 201
1912 200000 148
1924 200000 115
1928 200000 189
1936 200000 147
1948 200000 127
1952 200000 170
1960 200000 104
1972 200000 90
1984 200000 79
1976 143365 219
1996 200000 86
2000 200000 168
2008 200000 93
2012 200000 163
2020 200000 154
2032 200000 116
2044 200000 80
2048 200000 148
2056 200000 90
2068 200000 92
2080 200000 96
2084 200000 167
2092 200000 127
2104 200000 125
2108 200000 154
2116 200000 90
2120 200000 163
2128 200000 164
2140 200000 119
2152 200000 83
2156 200000 152
2164 200000 83
2176 200000 108
2188 200000 155
2200 200000 112
2212 200000 93
2216 200000 165
2224 200000 83
2236 200000 124
2248 200000 127
2252 200000 191
2260 200000 169
2272 200000 173
2284 200000 178
2296 200000 165
2308 200000 175
2320 200000 127
2324 172574 206
2332 200000 181
2344 200000 128
2356 200000 177
2368 200000 173
2380 200000 186
2392 200000 141
392 200000 16942
488 3264 16229
500 0 16204
512 6462 16193
524 0 16115
536 0 16103
548 5059 16060
560 115396 16022
572 0 15950
584 0 15949
596 12352 15945
608 113992 15862
620 0 15779
632 0 15781
644 83482 15727
668 3734 15569
716 0 15235
728 1291 15208
752 0 15086
788 0 14831
812 129186 14685
824 0 14630
968 0 13514
980 0 13459
992 0 13446
1004 0 13403
1016 1291 13404
1028 33587 13336
1040 162669 13241
1052 35258 13187
1076 5569 13077
1088 115610 12994
1100 18510 12918
1112 0 12899
1124 70863 12838
1136 28116 12788
1148 149135 12699
1160 66873 12665
1172 0 12596
1184 0 12589
1196 0 12509
1220 149946 12387
1232 0 12303
1244 34777 12305
1268 142145 12118
1280 0 12049
1328 111978 11662
1364 0 11446
1388 164998 11255
1400 152106 11157
1412 57233 11102
1436 98514 10899
1472 0 10688
1508 118903 10420
1544 0 10146
1592 1291 9805
1616 55674 9691
1676 0 9221
1712 188923 8920
1724 0 8866
1760 0 8659
1784 23853 8492
1808 61102 8326
1832 36402 8165
1856 0 8081
1916 0 7584
1940 0 7443
1964 16279 7315
1988 46498 7167
2024 0 6926
2036 12581 6873
2060 72450 6687
2072 40802 6642
2096 0 6537
2132 0 6269
2144 37365 6266
2168 153495 6023
2180 70997 5954
2192 54222 5902
2204 21668 5857
2228 98223 5628
2240 19356 5650
2264 0 5442
2276 116190 5400
2288 0 5324
2300 135555 5246
2312 0 5230
2336 5164 5058
2348 155389 4962
2360 80042 4876
2372 98116 4857
2384 76169 4773
2396 170760 4671
420 178888 21314
444 0 21043
456 18700 20996
468 118765 20964
480 49461 20888
492 0 20855
504 0 20832
516 0 20818
528 0 20740
540 0 20705
552 0 20677
564 0 20650
576 0 20593
588 0 20559
600 0 20515
612 0 20476
624 0 20418
636 0 20365
648 0 20341
660 0 20297
672 0 20254
684 0 20205
696 0 20159
708 0 20120
720 0 20051
732 0 20036
744 0 19984
756 0 19939
768 0 19892
780 0 19804
792 0 19799
804 0 19739
816 0 19702
828 0 19664
840 0 19610
852 0 19561
864 0 19511
876 1881 19460
888 0 19407
900 58915 19358
912 78521 19278
924 51669 19217
936 0 19170
948 0 19114
960 0 19083
972 0 19024
984 0 18977
996 0 18920
1008 0 18878
1020 0 18823
1032 0 18768
1044 0 18715
1056 0 18668
1068 0 18608
1080 0 18560
1092 0 18507
1104 0 18447
1116 0 18406
1128 0 18362
1140 0 18329
1152 0 18296
1164 0 18222
1176 0 18158
1188 0 18133
1200 0 18051
1212 0 18011
1224 0 17946
1236 0 17874
1248 0 17839
1260 0 17778
1272 0 17725
1284 0 17653
1296 0 17606
1308 0 17552
1320 0 17490
1332 0 17427
1344 0 17381
1356 0 17320
1368 0 17256
1380 0 17211
1392 0 17147
1404 0 17087
1416 0 17026
1428 0 16966
1440 0 16899
1452 0 16848
1464 0 16775
1476 0 16707
1488 0 16668
1500 0 16623
1512 0 16567
1524 0 16501
1536 0 16422
1548 0 16366
1560 0 16301
1572 0 16238
1584 0 16173
1596 0 16100
1608 0 16035
1620 0 15974
1632 0 15951
1644 0 15844
1656 0 15816
1668 0 15708
1680 0 15671
1692 0 15620
1704 0 15554
1716 0 15472
1728 0 15390
1740 0 15344
1752 0 15260
1764 0 15176
1776 0 15124
1788 0 15036
1800 0 14991
1812 0 14902
1824 0 14850
1836 0 14755
1848 0 14687
1860 0 14633
1872 0 14567
1884 0 14495
1896 0 14416
1908 0 14329
1920 0 14242
1932 0 14187
1944 0 14114
1956 0 14046
1968 0 13956
1980 0 13903
1992 0 13830
2004 26378 13774
2016 0 13680
2028 0 13610
2040 0 13566
2052 48426 13490
2064 0 13380
2076 0 13334
2088 0 13282
2100 0 13213
2112 2164 13200
2124 0 13196
2136 0 13184
2148 0 13218
2160 45288 13194
2172 0 13145
2184 0 13158
2196 0 13149
2208 0 13187
2220 69116 13152
2232 0 13074
2244 0 13140
2256 0 13115
2268 0 13078
2280 0 13158
2292 0 13192
2304 0 13246
2316 0 13243
2328 0 13290
2340 0 13280
2352 0 13288
2364 0 13317
2376 0 13274
2388 0 13285
2400 0 13282
