4 15011 638
88 200000 157
112 200000 129
116 200000 149
124 131649 207
128 0 249
136 200000 144
16 0 1177
140 200000 178
148 200000 184
152 140719 206
28 0 1229
160 0 218
164 0 239
40 0 1297
52 0 1218
64 0 1139
76 0 1061
172 0 414
32 0 1834
44 0 1757
56 0 1677
68 0 1598
100 0 1802
184 0 482
8 0 2633
20 0 2539
80 0 2045
92 0 1966
104 0 1890
176 0 1126
196 200000 159
208 85064 390
188 0 908
200 0 417
212 0 437
12 0 3103
24 0 3009
244 0 238
248 0 258
220 0 383
232 0 401
256 0 338
268 0 358
224 0 676
236 0 695
260 0 405
280 0 345
292 0 365
272 0 682
284 0 391
296 0 411
36 0 3850
48 0 3761
304 0 327
316 0 346
308 0 370
320 0 389
60 0 3950
72 0 3858
328 0 333
340 0 353
332 0 376
344 0 396
84 0 4062
352 0 341
364 0 361
356 0 384
368 0 403
96 0 4281
376 0 339
388 0 358
380 0 382
392 0 401
108 0 4503
400 0 342
412 0 361
404 0 385
416 0 404
120 0 4716
424 0 339
436 0 359
428 0 383
440 0 402
132 0 4946
448 0 342
460 0 361
452 0 385
464 0 403
144 0 5142
472 0 341
484 0 360
476 0 384
488 0 404
156 0 5380
496 0 338
508 0 358
500 0 381
512 0 400
168 0 5571
524 0 377
536 0 395
180 0 5651
520 0 634
532 0 641
544 0 346
604 200000 174
608 200000 194
556 0 600
628 122638 208
632 0 228
568 0 952
688 200000 167
712 200000 158
580 0 1188
592 0 1164
736 200000 187
616 0 1373
784 197248 200
640 0 1347
808 200000 180
832 200000 147
856 200000 179
880 200000 138
652 0 2217
664 0 2217
676 0 2406
700 0 2397
724 0 2393
748 0 2385
760 0 2311
772 0 2365
796 0 2371
820 14313 2383
844 64102 2378
868 57828 2196
892 44948 2194
904 61186 2062
916 0 2210
928 48358 2253
940 0 2408
952 44739 2281
1240 200000 160
1264 200000 185
964 0 2893
976 45645 2787
1324 200000 172
1348 200000 165
1360 69239 257
1396 198161 200
1408 101454 254
1420 142217 272
1444 200000 195
988 0 4000
1456 166802 225
1468 127873 263
1480 74007 253
1504 155686 217
1516 100153 246
1552 200000 160
1564 153168 213
1576 156643 237
1588 75342 242
1624 185327 204
1636 127147 242
1648 146709 216
1660 78727 263
1696 200000 191
1708 152099 253
1732 200000 168
1744 162258 216
1756 159945 223
1780 200000 167
1792 147927 226
1804 138666 225
1816 65199 261
1828 114727 273
1852 200000 195
1864 131894 232
1876 109559 241
1888 140702 244
1912 61960 260
1936 196893 200
1948 188002 206
1960 200000 191
1972 175738 212
1984 186195 213
1996 138169 222
2008 170533 218
2020 133255 232
2032 131973 231
2044 121094 237
2056 135132 233
2068 121529 237
2080 121552 240
2092 120764 235
2104 108095 249
2116 110784 246
2128 120081 238
2140 101167 240
2152 91040 255
2164 90283 252
2176 78027 267
2188 74775 257
2200 103250 252
2212 72611 261
2224 51920 273
2236 72360 268
2260 159770 229
2272 164434 216
2284 146978 226
2296 144648 223
2308 152484 222
2320 133716 232
2332 127941 238
2344 138395 231
2356 129702 240
2368 82966 258
2380 77645 258
2392 102021 252
1000 45857 11860
1012 0 11898
1024 46072 11848
1036 0 11892
1048 33337 11843
1060 0 11877
1072 33492 11831
1084 0 11863
1096 40470 11816
1108 0 11848
1120 40658 11799
1132 0 11824
1144 40847 11774
1156 0 11809
1168 41037 11748
1180 0 11794
1192 11441 11730
1204 0 11784
1216 11492 11715
1228 0 11770
1252 0 11676
1276 0 11560
1288 0 11576
1300 0 11520
1312 0 11577
1336 15474 11447
1372 109387 11190
1384 61352 11162
1432 32509 10853
1492 57818 10411
1528 117323 10113
1540 0 10114
1600 93688 9649
1612 59220 9625
1672 80947 9142
1684 0 9131
1720 47336 8904
1768 77170 8570
1840 0 8060
1900 58023 7579
1924 9712 7474
2248 36927 4826
548 0 19031
560 0 19131
572 0 19127
584 0 19052
596 0 19124
620 0 18996
644 0 18859
656 0 18912
668 0 18819
680 0 18914
692 0 18901
704 0 18924
716 0 18922
728 0 18917
740 0 18915
752 0 18903
764 0 18897
776 0 18851
788 0 18890
800 0 18869
812 0 18882
824 0 18881
836 32531 18854
848 0 18853
860 0 18836
872 0 18852
884 13712 18842
896 0 18839
908 0 18777
920 0 18829
932 0 18762
944 0 18800
956 0 18748
968 0 18824
980 0 18760
992 0 18789
1004 0 18763
1016 0 18786
1028 0 18755
1040 0 18766
1052 0 18721
1064 0 18749
1076 0 18720
1088 0 18745
1100 0 18713
1112 0 18726
1124 0 18695
1136 0 18718
1148 0 18654
1160 0 18702
1172 0 18646
1184 0 18661
1196 0 18618
1208 0 18645
1220 0 18592
1232 0 18643
1244 80803 18603
1256 0 18590
1268 0 18573
1280 0 18546
1292 0 18551
1304 0 18506
1316 0 18538
1328 0 18532
1340 0 18510
1352 53987 18492
1364 0 18481
1376 0 18476
1388 0 18479
1400 0 18465
1412 0 18465
1424 0 18443
1436 0 18423
1448 0 18424
1460 0 18396
1472 0 18401
1484 0 18390
1496 0 18395
1508 0 18378
1520 0 18371
1532 0 18361
1544 0 18337
1556 40533 18311
1568 0 18311
1580 0 18297
1592 0 18270
1604 0 18279
1616 0 18264
1628 0 18241
1640 0 18227
1652 0 18209
1664 0 18204
1676 0 18206
1688 0 18198
1700 0 18181
1712 0 18146
1724 0 18152
1736 0 18127
1748 0 18131
1760 0 18119
1772 0 18096
1784 9472 18054
1796 0 18059
1808 0 18055
1820 0 18039
1832 0 18018
1844 0 18003
1856 0 17990
1868 0 17947
1880 0 17969
1892 0 17918
1904 0 17920
1916 0 17898
1928 0 17901
1940 0 17880
1952 0 17864
1964 0 17842
1976 0 17832
1988 0 17807
2000 0 17795
2012 0 17779
2024 0 17773
2036 0 17756
2048 0 17742
2060 0 17719
2072 0 17711
2084 0 17690
2096 0 17672
2108 0 17666
2120 0 17647
2132 0 17620
2144 0 17604
2156 0 17579
2168 0 17569
2180 0 17547
2192 0 17530
2204 0 17513
2216 0 17483
2228 0 17468
2240 0 17435
2252 0 17427
2264 0 17414
2276 0 17389
2288 0 17367
2300 0 17341
2312 0 17319
2324 0 17316
2336 0 17287
2348 0 17241
2360 0 17227
2372 0 17220
2384 0 17182
2396 0 17212
192 0 37562
204 0 37119
216 0 37214
228 0 36980
240 0 37060
252 0 37099
264 0 36930
276 0 37009
288 0 36794
300 0 36866
312 0 36628
324 0 36725
336 0 36473
348 0 36560
360 0 36316
372 0 36393
384 0 36148
396 0 36221
408 0 35966
420 0 36043
432 0 35789
444 0 35863
456 0 35620
468 0 35679
480 0 35430
492 0 35513
504 0 35264
516 0 35365
528 0 35092
540 0 35226
552 0 34973
564 0 35016
576 0 35042
588 0 34962
600 0 35022
612 0 35037
636 0 34924
624 0 35177
648 0 34988
660 0 35316
672 0 35324
684 0 35683
696 0 35811
708 0 36045
720 0 36153
732 0 36348
744 0 36477
756 0 36620
768 0 36759
780 0 36855
792 0 37038
804 0 37155
816 0 37284
828 0 37414
840 0 37545
852 0 37657
864 0 37779
876 0 37893
888 0 38004
900 0 38095
912 0 38182
924 0 38334
936 0 38376
948 0 38549
960 0 38602
972 0 38746
984 0 38822
996 0 38965
1008 0 39024
1020 0 39138
1032 0 39193
1044 0 39309
1056 0 39384
1068 0 39495
1080 0 39570
1092 0 39683
1104 0 39762
1116 0 39906
1128 0 39958
1140 0 40079
1152 0 40126
1164 0 40266
1176 0 40311
1188 0 40438
1200 0 40459
1212 0 40603
1224 0 40638
1236 0 40786
1248 0 40879
1260 0 40991
1272 0 41090
1284 0 41164
1296 0 41412
1308 0 41535
1320 0 41802
1332 0 42021
1344 0 42225
1356 0 42391
1368 0 42605
1380 0 42772
1392 0 42965
1404 0 43144
1416 0 43301
1428 0 43456
1440 0 43651
1452 0 43772
1464 0 43947
1476 0 44118
1488 0 44253
1500 0 44420
1512 0 44539
1524 0 44664
1536 0 44819
1548 0 44965
1560 0 45069
1572 0 45199
1584 0 45330
1596 0 45452
1608 0 45543
1620 0 45660
1632 0 45769
1644 0 45871
1656 0 45984
1668 0 46088
1680 0 46226
1692 0 46325
1704 0 46410
1716 0 46486
1728 0 46587
1740 0 46664
1752 0 46749
1764 0 46855
1776 0 46970
1788 0 47039
1800 0 47147
1812 0 47267
1824 0 47337
1836 0 47411
1848 0 47507
1860 0 47578
1872 0 47639
1884 0 47781
1896 0 47821
1908 0 47923
1920 0 47983
1932 0 48084
1944 0 48182
1956 0 48254
1968 0 48336
1980 0 48436
1992 0 48496
2004 0 48577
2016 0 48627
2028 0 48696
2040 0 48753
2052 0 48812
2064 0 48890
2076 0 48964
2088 0 49028
2100 0 49087
2112 0 49150
2124 0 49196
2136 0 49217
2148 0 49319
2160 0 49420
2172 0 49482
2184 0 49570
2196 0 49667
2208 0 49642
2220 0 49708
2232 0 49812
2244 0 49882
2256 0 49960
2268 0 50020
2280 0 50042
2292 0 50053
2304 0 50123
2316 0 50206
2328 0 50298
2340 0 50341
2352 0 50326
2364 0 50424
2376 0 50534
2388 0 50623
2400 0 50707
