4 17738 506
64 200000 167
76 200000 168
88 200000 123
92 200000 191
100 200000 148
104 200000 167
16 0 882
112 200000 96
28 0 826
40 0 758
116 200000 167
124 200000 95
52 0 722
120 0 236
128 200000 155
132 200000 176
8 0 1216
20 0 1138
136 0 309
32 0 1284
56 0 1120
68 0 1042
80 0 955
140 0 413
160 200000 122
152 200000 161
164 200000 180
172 0 224
176 0 244
148 200000 357
180 0 265
44 0 1612
12 0 1919
24 0 1840
184 174279 203
196 0 240
208 200000 110
212 200000 132
244 112309 229
256 200000 115
268 189756 203
220 200000 756
232 200000 694
304 99481 235
280 131212 888
292 0 1205
460 140261 241
316 33566 1442
328 33836 1643
340 163308 1659
352 0 2141
616 151731 226
652 154765 238
676 159451 240
700 152586 229
724 173761 229
364 0 3233
748 169831 209
772 175997 226
796 161104 215
820 172532 215
844 180176 213
868 167855 255
892 189610 208
916 171851 249
940 189141 212
964 175717 251
988 200000 195
1012 179716 226
1036 180916 207
376 0 5883
1072 190546 202
1096 189405 229
1120 170892 210
1156 190759 227
1168 172671 256
1192 200000 188
1204 176848 214
1216 153641 237
1240 181363 258
388 0 7371
1264 199678 208
1276 138922 230
1300 200000 151
1312 200000 180
1324 200000 195
1348 200000 183
1360 195996 206
1372 200000 191
1384 165246 214
1396 106538 236
1420 200000 171
1432 200000 182
1444 188710 205
1456 131243 227
1468 104136 246
1492 182531 211
1504 143142 225
1516 107393 241
1540 189309 212
1552 168494 211
1564 146606 227
1576 122685 238
1588 111537 247
1600 104839 254
1624 89971 256
1648 200000 188
1660 200000 193
1672 190221 205
1684 189206 204
1696 178888 209
1708 156260 219
1720 146754 232
1732 151307 230
1744 138167 228
1756 123422 239
1768 120773 242
1780 120541 242
1792 111267 243
1804 103138 249
1816 98707 250
1828 98878 248
1840 90984 251
1852 96458 250
1864 83748 254
1876 87695 254
1888 85184 256
1912 104149 246
1924 92728 255
1936 96170 250
1948 93683 251
1960 98105 252
1984 102687 245
1996 103263 251
2008 88669 257
2020 94390 256
2032 101106 248
2044 95915 249
2056 91078 259
2092 130883 235
2104 107401 246
2116 108350 249
2128 92274 258
2140 122406 240
2152 97160 252
2176 102296 250
2188 109812 249
2200 110532 251
2212 58454 256
2224 111291 243
2248 168280 216
2260 123950 242
2272 107910 246
2284 140949 232
2308 106318 247
2320 148937 228
2332 82324 256
2356 200000 178
2368 200000 199
2380 200000 182
2392 176894 208
400 57479 16859
412 121327 16801
424 6990 16808
436 6584 16808
448 92068 16762
472 0 16672
484 27865 16662
496 129040 16597
508 6448 16599
520 45074 16582
532 60911 16552
544 145977 16478
556 11942 16475
568 47525 16455
580 135589 16384
592 7049 16388
604 86463 16346
628 26587 16235
640 39994 16218
664 28384 16106
688 0 16017
712 20649 15913
736 0 15820
760 59191 15688
784 0 15594
808 53719 15478
832 6794 15366
856 103007 15233
880 0 15129
904 97521 14993
928 0 14875
952 82291 14751
976 18016 14627
1000 90185 14486
1024 20860 14384
1048 162648 14197
1060 0 14204
1084 5150 14104
1108 0 14010
1132 160197 13824
1144 42317 13814
1180 2576 13613
1228 89478 13274
1252 0 13158
1288 635 12947
1336 8841 12654
1408 25830 12148
1480 102376 11599
1528 84511 11250
1612 87992 10555
1636 49294 10428
1900 81001 8231
1972 75279 7634
2068 72175 6836
2080 73585 6742
2164 75572 6058
2236 79243 5492
2296 87192 4995
2344 6230 4690
188 0 22628
200 0 22717
224 146349 22579
236 200000 22500
248 0 22508
260 91351 22407
272 0 22379
284 0 22366
296 0 22387
308 0 22328
320 0 22373
332 0 22347
344 0 22342
356 0 22349
368 103843 22291
380 0 22304
392 0 22304
404 0 22290
416 0 22290
428 0 22295
440 0 22280
452 0 22266
464 0 22269
476 0 22270
488 0 22257
500 0 22248
512 0 22242
524 0 22241
536 0 22225
548 0 22238
560 0 22223
572 0 22212
584 0 22203
596 0 22210
608 0 22197
620 0 22179
632 0 22177
644 0 22163
656 0 22158
668 0 22163
680 0 22154
692 0 22126
704 0 22128
716 0 22134
728 0 22111
740 0 22102
752 0 22094
764 0 22099
776 0 22070
788 0 22059
800 0 22061
812 0 22046
824 0 22030
836 0 22001
848 0 22022
860 0 22001
872 0 22003
884 0 21988
896 0 21965
908 0 21963
920 0 21967
932 0 21938
944 0 21928
956 0 21927
968 0 21913
980 0 21907
992 0 21884
1004 0 21872
1016 0 21875
1028 0 21871
1040 0 21855
1052 0 21830
1064 0 21816
1076 0 21768
1088 0 21801
1100 0 21767
1112 0 21779
1124 0 21755
1136 0 21740
1148 0 21719
1160 0 21700
1172 0 21697
1184 0 21670
1196 0 21659
1208 0 21634
1220 0 21624
1232 0 21632
1244 0 21606
1256 0 21572
1268 0 21531
1280 0 21540
1292 0 21492
1304 0 21511
1316 0 21497
1328 0 21475
1340 0 21472
1352 0 21447
1364 0 21432
1376 0 21410
1388 0 21392
1400 0 21404
1412 0 21373
1424 0 21360
1436 0 21329
1448 0 21338
1460 0 21305
1472 0 21288
1484 0 21279
1496 0 21263
1508 0 21233
1520 0 21248
1532 0 21235
1544 0 21237
1556 0 21198
1568 0 21175
1580 0 21160
1592 0 21130
1604 0 21100
1616 0 21085
1628 0 21058
1640 0 21050
1652 0 21029
1664 0 20995
1676 0 20982
1688 0 20969
1700 0 20933
1712 0 20923
1724 0 20900
1736 0 20886
1748 0 20861
1760 0 20833
1772 0 20840
1784 0 20798
1796 0 20786
1808 0 20760
1820 0 20755
1832 0 20732
1844 0 20718
1856 0 20679
1868 0 20656
1880 0 20635
1892 0 20605
1904 0 20588
1916 0 20565
1928 0 20538
1940 0 20540
1952 0 20507
1964 0 20494
1976 0 20491
1988 0 20430
2000 0 20414
2012 0 20398
2024 0 20377
2036 0 20336
2048 0 20318
2060 0 20315
2072 0 20275
2084 0 20352
2096 0 20278
2108 0 20385
2120 0 20318
2132 0 20410
2144 0 20336
2156 0 20330
2168 0 20328
2180 0 20293
2192 0 20272
2204 0 20241
2216 0 20222
2228 0 20180
2240 0 20185
2252 0 20137
2264 0 20149
2276 0 20093
2288 0 20069
2300 0 20064
2312 0 20010
2324 0 19951
2336 0 19992
2348 0 19940
2360 0 19914
2372 0 19886
2384 0 19888
2396 0 19876
36 0 39856
48 0 39776
60 0 39744
72 0 39747
84 0 39714
96 0 39705
108 0 39677
144 0 39388
156 58855 39059
168 0 39130
192 0 38889
204 0 38965
216 33324 38883
228 0 38817
240 0 38791
252 0 38764
264 0 38706
276 0 38701
288 0 38655
300 0 38646
312 0 38574
324 0 38592
336 0 38541
348 0 38507
360 0 38475
372 0 38427
384 0 38397
396 0 38366
408 0 38337
420 0 38318
432 0 38273
444 0 38247
456 0 38207
468 0 38183
480 0 38151
492 0 38092
504 0 38062
516 0 38032
528 0 37991
540 0 37946
552 0 37910
564 0 37896
576 0 37870
588 0 37811
600 0 37779
612 0 37740
624 0 37765
636 0 37820
648 0 37732
660 0 37700
672 0 37795
684 0 37818
696 0 37828
708 0 37842
720 0 37842
732 0 37834
744 0 37844
756 0 37849
768 0 37861
780 0 37864
792 0 37915
804 0 37988
816 0 37988
828 0 37966
840 0 37971
852 0 38019
864 0 38004
876 0 38009
888 0 38036
900 0 38011
912 0 38066
924 0 38092
936 0 38081
948 0 38055
960 0 38082
972 0 38075
984 0 38089
996 0 38052
1008 0 38112
1020 0 38113
1032 0 38113
1044 0 38090
1056 0 38129
1068 0 38092
1080 0 38099
1092 0 38147
1104 0 38121
1116 0 38116
1128 0 38136
1140 0 38131
1152 0 38101
1164 0 38163
1176 0 38110
1188 0 38139
1200 0 38141
1212 0 38127
1224 0 38120
1236 0 38099
1248 0 38121
1260 0 38135
1272 0 38088
1284 0 38093
1296 0 38090
1308 0 38078
1320 0 38097
1332 0 38148
1344 0 38098
1356 0 38130
1368 0 38131
1380 0 38138
1392 0 38140
1404 0 38090
1416 0 38098
1428 0 38093
1440 0 38041
1452 0 38049
1464 0 38044
1476 0 38000
1488 0 38010
1500 0 38016
1512 0 37966
1524 0 37991
1536 0 38003
1548 0 37954
1560 0 37965
1572 0 37947
1584 0 37959
1596 0 37947
1608 0 37902
1620 0 37916
1632 0 37879
1644 0 37862
1656 0 37858
1668 0 37836
1680 0 37817
1692 0 37811
1704 0 37759
1716 0 37774
1728 0 37758
1740 0 37743
1752 0 37711
1764 0 37708
1776 0 37715
1788 0 37670
1800 0 37664
1812 0 37615
1824 0 37629
1836 0 37591
1848 0 37571
1860 0 37575
1872 0 37665
1884 0 37600
1896 0 37644
1908 0 37700
1920 0 37802
1932 0 37874
1944 0 37911
1956 0 38018
1968 0 38055
1980 0 38111
1992 0 38209
2004 0 38249
2016 0 38293
2028 0 38366
2040 0 38404
2052 0 38456
2064 0 38507
2076 0 38551
2088 0 38608
2100 0 38622
2112 0 38699
2124 0 38733
2136 0 38769
2148 0 38778
2160 0 38810
2172 0 38840
2184 0 38885
2196 0 38947
2208 0 39000
2220 0 39045
2232 0 39076
2244 0 39161
2256 0 39215
2268 0 39285
2280 0 39470
2292 0 39651
2304 0 39874
2316 0 39948
2328 0 40140
2340 0 40365
2352 0 40455
2364 0 40663
2376 0 40878
2388 0 40946
2400 0 41159
