4 200000 32
8 200000 51
12 200000 71
16 200000 21
20 200000 44
24 200000 65
28 200000 79
32 200000 94
36 200000 96
40 200000 24
44 200000 43
48 200000 64
52 200000 23
56 200000 43
60 200000 65
64 200000 22
68 200000 44
72 200000 64
76 200000 22
80 200000 43
84 200000 64
88 200000 23
92 200000 43
96 200000 65
104 200000 43
108 200000 65
100 200000 67
112 200000 23
116 200000 43
120 200000 73
124 200000 23
128 200000 43
132 200000 68
136 200000 60
140 200000 70
144 200000 90
148 200000 23
152 200000 43
156 200000 65
160 200000 23
164 200000 47
168 200000 67
172 200000 66
176 200000 69
180 200000 89
184 200000 23
188 200000 50
192 200000 72
196 200000 23
200 200000 44
204 200000 65
208 200000 46
212 200000 73
216 200000 94
220 200000 23
224 200000 45
228 200000 65
232 200000 23
236 200000 45
240 200000 65
244 200000 23
248 200000 45
252 200000 65
256 200000 49
260 200000 94
264 200000 115
268 200000 29
272 200000 50
276 200000 72
280 200000 24
284 200000 44
288 200000 66
292 200000 23
296 200000 45
300 200000 66
304 200000 50
308 200000 83
312 200000 105
316 200000 26
320 200000 48
324 200000 70
328 200000 23
332 200000 45
336 200000 66
340 200000 25
344 200000 45
348 200000 66
352 200000 24
356 200000 45
360 200000 66
364 200000 25
368 200000 45
372 200000 66
376 200000 24
380 200000 45
384 200000 66
388 200000 25
392 200000 46
396 200000 66
400 200000 24
404 200000 45
408 200000 67
412 200000 50
416 200000 73
420 200000 92
424 200000 24
428 200000 45
432 200000 67
436 200000 24
440 200000 46
444 200000 67
448 200000 24
452 200000 46
456 200000 71
460 200000 25
464 200000 47
468 200000 67
472 200000 25
476 200000 45
480 200000 67
484 200000 48
488 200000 69
492 200000 93
496 200000 24
500 200000 46
504 200000 67
508 200000 49
512 200000 69
516 200000 93
520 200000 24
524 200000 46
528 200000 68
532 200000 30
536 200000 50
540 200000 72
544 200000 47
548 200000 68
552 200000 90
556 200000 25
560 200000 46
564 200000 67
568 200000 25
572 200000 46
576 200000 67
580 200000 30
584 200000 50
588 200000 70
592 200000 54
596 200000 74
600 200000 93
604 200000 31
608 200000 50
612 200000 72
616 200000 25
620 200000 46
624 200000 68
628 200000 29
632 200000 46
636 200000 68
640 200000 26
644 200000 47
648 200000 68
652 200000 43
656 200000 67
660 200000 89
664 200000 25
668 200000 47
672 200000 67
676 200000 25
680 200000 47
684 200000 68
688 200000 26
692 200000 47
696 200000 68
700 200000 26
704 200000 51
708 200000 72
712 200000 44
716 200000 65
720 200000 86
724 200000 26
728 200000 47
732 200000 69
736 200000 26
740 200000 47
744 200000 68
748 200000 49
752 200000 68
756 200000 90
760 200000 26
764 200000 47
768 200000 68
772 200000 40
776 200000 60
780 200000 81
784 200000 26
788 200000 47
792 200000 69
796 200000 36
800 200000 58
804 200000 78
808 200000 43
812 200000 63
816 200000 84
820 200000 29
824 200000 51
828 200000 72
832 200000 26
836 200000 48
840 200000 68
844 200000 26
848 200000 48
852 200000 68
856 200000 26
860 200000 48
864 200000 68
868 200000 26
872 200000 48
876 200000 69
880 200000 26
884 200000 47
888 200000 69
892 200000 33
896 200000 53
900 200000 74
904 200000 32
908 200000 52
912 200000 72
916 200000 50
920 200000 69
924 200000 88
928 200000 28
932 200000 47
936 200000 69
940 200000 43
944 200000 62
948 200000 82
952 200000 29
956 200000 51
960 200000 73
964 200000 26
968 200000 48
972 200000 69
976 200000 52
980 200000 73
984 200000 93
988 200000 56
992 200000 67
996 200000 88
1000 200000 26
1004 200000 48
1008 200000 69
1012 200000 27
1016 200000 47
1020 200000 69
1024 200000 27
1028 200000 48
1032 200000 69
1036 200000 31
1040 200000 50
1044 200000 71
1048 200000 26
1052 200000 48
1056 200000 69
1060 200000 49
1064 200000 70
1068 200000 95
1072 200000 27
1076 200000 48
1080 200000 69
1084 200000 29
1088 200000 51
1092 200000 71
1096 200000 56
1100 200000 84
1104 200000 126
1108 200000 50
1112 200000 72
1120 200000 30
1116 200000 130
1124 200000 52
1128 200000 73
1132 200000 27
1136 200000 48
1140 200000 69
1144 200000 27
1148 200000 48
1152 200000 69
1156 200000 41
1160 200000 61
1164 200000 82
1168 200000 26
1172 200000 48
1176 200000 70
1180 200000 27
1184 200000 48
1188 200000 69
1192 200000 29
1196 200000 49
1200 200000 70
1204 200000 28
1208 200000 48
1212 200000 70
1216 200000 27
1220 200000 50
1224 200000 71
1228 200000 27
1232 200000 49
1236 200000 70
1240 200000 27
1244 200000 49
1248 200000 70
1252 200000 54
1256 200000 76
1260 200000 96
1264 200000 27
1268 200000 49
1272 200000 69
1276 200000 27
1280 200000 48
1284 200000 70
1288 200000 27
1292 200000 48
1296 200000 70
1300 200000 51
1304 200000 75
1308 200000 100
1312 200000 27
1316 200000 48
1320 200000 70
1324 200000 27
1328 200000 48
1332 200000 70
1336 200000 27
1340 200000 49
1344 200000 69
1348 200000 53
1352 200000 79
1356 200000 101
1360 200000 26
1364 200000 48
1368 200000 70
1372 200000 27
1376 200000 49
1380 200000 69
1384 200000 52
1388 200000 74
1392 200000 97
1396 200000 27
1400 200000 49
1404 200000 69
1408 200000 27
1412 200000 48
1416 200000 69
1420 200000 27
1424 200000 48
1428 200000 69
1432 200000 27
1436 200000 48
1440 200000 70
1444 200000 27
1448 200000 48
1452 200000 69
1456 200000 27
1460 200000 49
1464 200000 69
1468 200000 28
1472 200000 49
1476 200000 70
1480 200000 27
1484 200000 49
1488 200000 70
1492 200000 27
1496 200000 49
1500 200000 71
1504 200000 27
1508 200000 48
1512 200000 70
1516 200000 50
1520 200000 69
1524 200000 91
1528 200000 27
1532 200000 47
1536 200000 69
1540 200000 28
1544 200000 49
1548 200000 70
1552 200000 26
1556 200000 48
1560 200000 70
1564 200000 26
1568 200000 48
1572 200000 68
1576 200000 26
1580 200000 47
1584 200000 69
1588 200000 26
1592 200000 48
1596 200000 69
1600 200000 26
1604 200000 48
1608 200000 69
1612 200000 26
1616 200000 47
1620 200000 69
1624 200000 26
1628 200000 47
1632 200000 69
1636 200000 26
1640 200000 48
1644 200000 69
1648 200000 26
1652 200000 47
1656 200000 69
1660 200000 26
1664 200000 47
1668 200000 69
1672 200000 28
1676 200000 49
1680 200000 70
1684 200000 26
1688 200000 47
1692 200000 68
1696 200000 27
1700 200000 48
1704 200000 69
1708 200000 73
1712 200000 76
1716 200000 97
1720 200000 26
1724 200000 47
1728 200000 68
1732 200000 28
1736 200000 48
1740 200000 69
1744 200000 26
1748 200000 47
1752 200000 69
1756 200000 26
1760 200000 47
1764 200000 68
1768 200000 26
1772 200000 47
1776 200000 68
1780 200000 27
1784 200000 49
1788 200000 70
1792 200000 26
1796 200000 47
1800 200000 68
1804 200000 26
1808 200000 46
1812 200000 68
1816 200000 26
1820 200000 47
1824 200000 68
1828 200000 25
1832 200000 47
1836 200000 68
1840 200000 26
1844 200000 47
1848 200000 69
1852 200000 25
1856 200000 47
1860 200000 68
1864 200000 50
1868 200000 83
1872 200000 104
1876 200000 38
1880 200000 58
1884 200000 79
1888 200000 25
1892 200000 47
1896 200000 68
1900 200000 27
1904 200000 48
1908 200000 70
1912 200000 25
1916 200000 47
1920 200000 68
1924 200000 26
1928 200000 46
1932 200000 68
1936 200000 62
1940 200000 82
1944 200000 103
1948 200000 27
1952 200000 53
1956 200000 74
1960 200000 25
1964 200000 46
1968 200000 68
1972 200000 27
1976 200000 47
1980 200000 69
1984 200000 25
1988 200000 47
1992 200000 68
1996 200000 65
2000 200000 75
2004 200000 95
2008 200000 26
2012 200000 47
2016 200000 68
2020 200000 25
2024 200000 47
2028 200000 67
2032 200000 30
2036 200000 51
2040 200000 72
2044 200000 25
2048 200000 46
2052 200000 68
2056 200000 26
2060 200000 48
2064 200000 70
2068 200000 25
2072 200000 47
2076 200000 68
2080 200000 26
2084 200000 47
2088 200000 69
2092 200000 25
2096 200000 46
2100 200000 68
2104 200000 25
2108 200000 47
2112 200000 68
2116 200000 25
2120 200000 46
2124 200000 68
2128 200000 25
2132 200000 46
2136 200000 68
2140 200000 25
2144 200000 47
2148 200000 69
2152 200000 24
2156 200000 46
2160 200000 68
2164 200000 25
2168 200000 46
2172 200000 68
2176 200000 25
2180 200000 46
2184 200000 67
2188 200000 27
2192 200000 50
2196 200000 72
2200 200000 24
2204 200000 46
2208 200000 68
2212 200000 24
2216 200000 46
2220 200000 68
2224 200000 71
2228 200000 76
2232 200000 97
2236 200000 26
2240 200000 48
2244 200000 70
2248 200000 48
2252 200000 73
2256 200000 95
2260 200000 24
2264 200000 46
2268 200000 68
2272 200000 46
2276 200000 67
2280 200000 88
2284 200000 25
2288 200000 45
2292 200000 67
2296 200000 24
2300 200000 46
2304 200000 67
2308 200000 25
2312 200000 45
2316 200000 75
2320 200000 27
2324 200000 49
2328 200000 70
2332 200000 24
2336 200000 46
2340 200000 68
2344 200000 24
2348 200000 48
2352 200000 70
2356 200000 25
2360 200000 45
2364 200000 67
2368 200000 26
2372 200000 46
2376 200000 67
2380 200000 24
2384 200000 46
2388 200000 67
2392 200000 26
2396 200000 48
2400 200000 69
