4 45480 370
40 200000 172
52 200000 167
64 200000 106
68 200000 190
76 200000 69
16 0 626
28 0 541
80 200000 113
88 200000 88
32 0 802
44 0 705
56 0 644
12 0 1062
24 0 982
100 200000 160
112 200000 179
124 200000 166
128 200000 184
132 135555 205
8 0 1395
20 0 1292
92 71705 693
104 41629 374
116 0 390
36 0 1228
48 0 1117
136 0 244
160 200000 164
164 200000 184
148 0 295
168 69714 213
140 0 339
172 114900 227
192 0 242
152 0 551
176 0 307
60 0 1537
72 0 1449
84 0 1308
196 200000 136
208 200000 156
200 200000 182
212 143410 218
220 200000 124
224 200000 145
232 200000 81
184 29693 532
236 200000 132
244 200000 68
240 200000 176
248 200000 110
188 0 648
252 200000 140
256 200000 69
260 200000 119
264 200000 140
268 200000 77
272 200000 146
276 200000 167
96 0 1856
280 200000 86
284 200000 117
292 200000 83
296 200000 124
288 61420 219
304 200000 77
300 178206 223
316 200000 78
312 200000 188
328 200000 106
320 168246 227
340 200000 125
344 200000 183
352 200000 172
356 137991 205
364 200000 116
376 200000 112
368 147565 208
424 173754 238
448 164395 214
472 177713 224
484 200000 184
496 152969 213
508 173463 206
520 200000 196
532 200000 187
544 200000 181
556 200000 183
568 200000 167
580 200000 182
592 200000 170
604 200000 156
616 200000 146
628 200000 143
640 200000 142
652 200000 162
664 200000 139
676 200000 132
688 200000 119
700 200000 136
712 200000 180
388 200000 2882
724 200000 129
736 200000 156
748 200000 139
760 200000 124
772 200000 115
784 200000 107
796 200000 120
808 200000 119
820 200000 123
832 200000 122
844 200000 117
856 200000 112
868 200000 109
880 200000 114
892 200000 112
904 200000 122
916 200000 118
928 200000 118
940 200000 111
952 200000 108
964 200000 109
976 200000 113
988 200000 113
1000 200000 111
1012 200000 149
1024 200000 105
1036 200000 133
1048 200000 122
1060 200000 115
1072 200000 115
1084 200000 105
1096 200000 131
1088 178669 236
1108 200000 144
1120 200000 150
1132 200000 129
1144 200000 123
1156 200000 122
1160 200000 181
1168 200000 178
1180 200000 200
1192 200000 160
1204 200000 151
1216 200000 132
1228 200000 116
1240 200000 109
1252 200000 103
1256 200000 181
1264 200000 146
1276 200000 120
1280 200000 191
1288 200000 148
1300 200000 164
1312 190093 204
1324 200000 160
1336 200000 130
1348 200000 102
1352 200000 176
1360 200000 134
1372 200000 115
1376 200000 182
1384 200000 147
1396 200000 130
1408 200000 116
1420 200000 110
1432 200000 118
1436 200000 183
1444 200000 149
1456 200000 130
1468 200000 103
1472 200000 185
1480 200000 151
1492 200000 135
1496 200000 192
1504 200000 166
1516 200000 136
1528 200000 167
1540 200000 141
1552 200000 133
1564 200000 137
1568 199815 202
1576 200000 151
1588 200000 140
1600 200000 142
1612 200000 131
1624 200000 154
1636 200000 149
1648 200000 148
1660 200000 146
1672 200000 137
1676 187618 202
1684 200000 145
1696 200000 137
1708 200000 119
1712 200000 191
1720 200000 147
1732 200000 148
1744 200000 136
1756 200000 159
1768 200000 147
1780 200000 147
1792 200000 157
1804 200000 171
1816 200000 145
1828 200000 155
1840 200000 144
1852 200000 156
1864 200000 159
1876 200000 141
1880 145886 208
1888 200000 159
1900 200000 151
1912 200000 140
1924 200000 143
1936 200000 133
1948 200000 137
1960 200000 161
1972 200000 166
1984 200000 165
1996 200000 179
2008 200000 164
2020 200000 146
2032 200000 149
2036 125884 220
2044 200000 159
2056 200000 173
2068 200000 197
2080 147530 225
2092 200000 154
2104 200000 164
2116 200000 173
2128 200000 157
2140 200000 179
2152 200000 129
2164 200000 139
2176 200000 149
2188 200000 148
2200 200000 134
2212 200000 131
2224 200000 123
2236 200000 185
2248 200000 180
2260 200000 143
2272 200000 177
2284 200000 173
2288 92952 239
2296 200000 169
2308 200000 195
2320 200000 181
2332 200000 143
2344 200000 165
2356 200000 170
2368 200000 168
2380 200000 133
2392 200000 154
2396 147174 237
400 171180 16909
412 172390 16778
436 0 16707
460 123965 16529
308 200000 17858
332 6009 17758
380 1291 17446
392 150656 17368
404 0 17361
416 0 17301
428 0 17285
440 0 17305
452 0 17293
464 0 17279
476 0 17266
488 0 17230
500 0 17238
512 0 17212
524 0 17194
536 0 17173
548 0 17159
560 0 17146
572 0 17111
584 0 17124
596 0 17113
608 6455 17094
620 0 17078
632 25412 17064
644 0 17050
656 0 17012
668 0 16988
680 19111 16969
692 21491 16941
704 38156 16911
716 0 16890
728 0 16826
740 2582 16848
752 20817 16817
764 40031 16784
776 31765 16750
788 77371 16683
800 49890 16658
812 60042 16626
824 92322 16557
836 51258 16523
848 56753 16495
860 59339 16435
872 60998 16403
884 68655 16369
896 79904 16300
908 76257 16263
920 91703 16194
932 68653 16163
944 70279 16135
956 76625 16060
968 83047 16019
980 96043 15952
992 89693 15896
1004 128771 15813
1016 0 15785
1028 21883 15761
1040 46158 15724
1052 64699 15658
1064 29455 15631
1076 50005 15598
1100 24936 15454
1112 59367 15428
1124 87841 15352
1136 0 15305
1148 58118 15266
1172 0 15143
1184 0 15141
1196 78989 15071
1208 11619 15035
1220 39358 15015
1232 67567 14972
1244 65996 14912
1268 0 14762
1292 90433 14616
1304 0 14590
1316 0 14600
1328 0 14578
1340 41102 14508
1364 6322 14361
1388 71245 14210
1400 28914 14184
1412 86304 14115
1424 10564 14085
1448 0 13973
1460 80805 13929
1484 0 13799
1508 21947 13675
1520 173195 13576
1532 33566 13509
1544 0 13475
1556 58962 13466
1580 0 13325
1592 79638 13303
1604 33197 13236
1616 190507 13134
1628 0 13108
1640 121942 13072
1652 81315 12990
1664 0 12940
1688 0 12810
1700 0 12767
1724 105532 12629
1736 0 12596
1748 165347 12519
1760 118496 12429
1772 0 12389
1784 100902 12319
1796 0 12284
1808 65841 12268
1820 151364 12171
1832 0 12100
1844 175646 12017
1856 0 11972
1868 0 11966
1892 0 11835
1904 79248 11757
1916 0 11710
1928 52450 11693
1940 0 11661
1952 152344 11600
1964 55493 11498
1976 0 11449
1988 0 11449
2000 82624 11430
2012 32049 11349
2024 0 11290
2048 0 11154
2060 79824 11094
2072 0 11030
2084 0 11061
2096 0 10988
2108 55513 10931
2120 0 10872
2132 0 10869
2144 46116 10866
2156 98 10770
2168 0 10750
2180 97877 10706
2192 0 10617
2204 34130 10585
2216 16329 10546
2228 161698 10456
2240 0 10410
2252 67132 10371
2264 0 10251
2276 0 10244
2300 0 10057
2312 0 10058
2324 30014 10036
2336 0 9956
2348 0 9962
2360 0 9949
2372 103280 9868
2384 4607 9770
108 0 28820
120 0 28887
144 0 28643
156 0 28712
180 0 28522
204 0 28332
216 0 28406
228 0 28357
324 0 27592
336 0 27560
348 0 27529
360 0 27479
372 0 27383
384 0 27380
396 0 27336
408 0 27276
420 0 27204
432 0 27177
444 0 27173
456 0 27107
468 0 27075
480 0 27017
492 0 26956
504 0 26976
516 0 26931
528 0 26882
540 0 26826
552 0 26781
564 0 26748
576 0 26690
588 0 26682
600 0 26614
612 0 26555
624 0 26569
636 0 26494
648 0 26508
672 0 26357
660 0 26572
684 0 26399
696 0 26439
708 0 26484
720 0 26457
732 0 26387
744 0 26400
756 0 26393
768 0 26342
780 0 26345
792 0 26321
804 0 26281
816 0 26260
828 0 26238
840 0 26199
852 0 26184
864 0 26172
876 0 26158
888 0 26112
900 0 26089
912 0 26055
924 0 26030
936 0 26022
948 0 25983
960 0 25956
972 0 25925
984 0 25898
996 0 25871
1008 0 25853
1020 0 25811
1032 0 25782
1044 0 25755
1056 0 25722
1068 0 25696
1080 0 25650
1092 0 25638
1104 0 25664
1116 0 25716
1128 0 25743
1140 0 25727
1152 0 25791
1164 0 25834
1176 0 25861
1188 0 25876
1200 0 25902
1212 0 25900
1224 0 25896
1236 0 25915
1248 0 25933
1260 0 25932
1272 0 25926
1284 0 25970
1296 0 25958
1308 0 25941
1320 0 25974
1332 0 25976
1344 0 26036
1356 0 26068
1368 0 26061
1380 0 26075
1392 0 26093
1404 0 26076
1416 0 26102
1428 0 26136
1440 0 26139
1452 0 26155
1464 0 26147
1476 0 26137
1488 0 26121
1500 0 26126
1512 0 26101
1524 0 26135
1536 0 26112
1548 0 26091
1560 0 26107
1572 0 26087
1584 0 26057
1596 0 26090
1608 0 26065
1620 0 26043
1632 0 26013
1644 0 26017
1656 0 26011
1668 0 25982
1680 0 25957
1692 0 25952
1704 0 25941
1716 0 25938
1728 0 25936
1740 0 25900
1752 0 25895
1764 0 25861
1776 0 25823
1788 0 25830
1800 0 25786
1812 0 25794
1824 0 25750
1836 0 25700
1848 0 25695
1860 0 25652
1872 0 25646
1884 0 25663
1896 0 25643
1908 0 25624
1920 0 25597
1932 0 25600
1944 0 25568
1956 0 25571
1968 0 25522
1980 0 25458
1992 0 25462
2004 0 25466
2016 0 25417
2028 0 25353
2040 0 25368
2052 0 25337
2064 0 25483
2076 0 25471
2088 0 25591
2100 0 25583
2112 0 25644
2124 0 25634
2136 0 25693
2148 0 25755
2160 0 25788
2172 0 25828
2184 0 25910
2196 0 25885
2208 0 25901
2220 0 25943
2232 0 26008
2244 0 26034
2256 0 26076
2268 0 26138
2280 0 26220
2292 0 26275
2304 0 26245
2316 0 26380
2328 0 26434
2340 0 26424
2352 0 26488
2364 0 26620
2376 0 26662
2388 0 26587
2400 0 26610
